31 35
69 74
3 8
104 110
29 34
24 47
49 57
32 38
98 108
88 91
7 30
70 86
124 128
5 13
18 24
113 120
0 14
56 71
63 69
27 37
9 16
20 27
50 70
60 65
36 43
81 87
1 14
10 18
1 8
100 110
77 84
128 139
62 74
87 97
49 59
116 125
102 109
24 30
111 119
89 104
63 67
70 82
13 20
10 24
119 133
0 6
36 70
41 47
42 50
0 9
130 136
97 103
21 33
48 59
4 15
43 50
89 91
0 10
102 107
64 70
126 137
11 19
34 36
124 137
98 101
39 50
0 7
86 90
65 70
90 94
27 34
1 13
52 59
12 30
0 5
33 44
1 6
46 53
43 51
0 5
1 4
112 121
51 54
84 98
19 26
68 79
97 100
15 20
53 57
35 41
71 83
0 13
52 58
30 32
3 9
36 41
9 11
40 51
13 18
4 12
65 87
54 60
120 131
0 10
98 120
71 79
62 69
52 60
4 18
81 93
10 17
0 5
89 101
44 52
23 30
44 51
15 18
97 103
71 73
26 29
83 89
60 67
4 7
42 49
64 72
38 47
10 19
41 48
50 52
0 10
84 92
0 3
6 16
71 78
81 92
11 26
0 8
0 16
18 24
79 84
120 135
90 94
41 51
30 36
68 74
114 118
0 11
87 90
4 17
53 65
115 118
30 32
10 14
0 12
42 48
12 19
35 48
53 66
40 45
0 8
22 27
52 59
62 73
19 27
52 60
36 41
55 65
48 51
27 33
60 67
71 83
126 137
54 60
39 48
28 36
118 120
132 139
85 93
29 35
20 25
0 12
129 140
94 100
0 6
60 74
83 92
18 32
105 114
0 5
22 24
64 74
12 17
1 7
64 69
25 34
48 54
36 46
56 62
58 64
90 101
78 88
1 8
48 55
60 67
11 13
35 49
104 111
25 32
113 124
2 12
82 97
30 40
21 28
83 88
33 46
40 47
29 36
54 61
62 73
0 3
65 76
35 39
13 26
55 68
71 79
1 12
0 7
21 29
9 19
47 61
105 110
75 80
3 8
39 47
0 8
26 33
0 19
106 117
0 13
63 79
91 100
38 45
22 35
68 80
0 2
33 40
4 16
41 51
53 58
13 21
27 40
59 64
57 65
1 12
48 63
0 14
0 7
36 40
99 106
20 36
0 8
64 71
120 125
73 79
0 9
19 31
4 11
78 85
0 10
111 122
5 8
23 28
13 22
1 12
120 131
84 90
118 129
55 72
47 58
0 7
10 38
17 29
111 118
5 10
122 125
96 110
34 46
83 90
125 136
0 3
73 84
62 71
92 99
83 87
102 113
13 26
0 6
31 37
72 86
18 32
33 44
55 61
0 14
133 140
45 51
53 58
4 10
22 34
15 38
64 71
4 6
0 6
27 32
61 83
43 56
28 41
51 58
106 110
0 5
25 36
80 84
11 26
76 86
88 95
112 121
97 107
1 10
61 63
0 5
26 39
0 5
39 44
30 40
10 14
31 44
0 7
54 59
89 97
0 16
108 115
17 30
55 64
33 54
0 18
97 99
18 21
86 92
14 23
22 25
52 63
0 4
31 40
51 61
65 72
103 109
132 139
128 137
105 113
58 65
19 26
49 56
117 123
88 95
69 77
97 104
31 37
122 129
76 86
131 140
109 120
47 51
1 8
15 21
27 33
33 40
0 22
70 85
30 51
43 49
77 87
64 74
127 132
25 34
68 86
14 24
26 32
93 108
11 22
33 38
74 82
59 74
1 9
0 4
47 57
80 84
38 78
93 109
26 28
55 66
43 48
77 80
0 2
24 34
124 129
76 83
50 58
0 16
17 20
92 97
0 13
101 105
106 112
121 131
53 60
126 137
41 48
0 15
25 29
50 56
16 20
0 13
57 68
0 10
15 21
29 35
35 43
85 104
50 54
80 101
56 72
71 81
52 67
0 3
33 37
21 23
57 77
17 27
0 10
11 17
26 35
91 100
0 25
35 43
61 66
35 53
0 11
102 112
64 75
131 138
1 11
126 130
15 23
25 34
36 45
111 114
49 58
29 33
75 80
32 38
0 10
71 85
86 101
89 95
78 85
13 20
47 53
17 27
77 86
28 35
43 51
0 7
87 96
70 83
72 84
1 14
0 7
32 48
77 84
58 64
32 50
16 23
86 89
72 84
0 14
26 41
60 69
45 49
0 6
8 22
58 68
70 84
86 93
83 90
34 48
34 46
103 112
118 121
1 11
22 33
0 12
42 49
66 74
28 34
11 17
87 104
55 63
36 38
47 49
0 2
61 71
76 87
15 26
87 95
21 35
106 112
19 31
22 29
1 8
59 65
18 27
71 76
91 94
19 26
49 67
4 13
0 10
36 52
28 37
73 81
33 40
20 26
41 46
1 13
71 83
104 113
113 123
104 109
20 28
129 134
65 72
99 106
3 15
35 39
59 66
22 31
4 16
0 7
57 62
103 111
1 3
78 88
5 10
40 52
0 18
103 115
18 28
4 16
83 92
0 6
115 119
0 19
72 77
52 63
0 7
22 29
31 33
10 15
51 64
87 94
0 7
10 15
81 86
0 10
0 25
122 134
106 117
45 52
96 99
119 132
28 37
117 127
129 131
4 14
16 26
15 20
0 7
58 67
21 25
90 101
31 38
78 86
51 57
1 12
0 17
54 69
95 103
105 109
111 117
124 130
4 16
17 41
102 109
88 96
5 13
50 58
0 4
0 7
34 52
55 83
53 64
1 16
41 43
0 3
105 112
0 8
46 54
51 67
53 62
0 11
128 138
47 56
13 21
92 105
71 78
55 64
30 43
81 97
4 16
13 17
0 8
0 8
1 7
79 88
63 77
4 20
85 90
93 100
0 2
22 29
26 41
77 90
98 107
20 26
23 30
85 90
0 18
130 139
0 9
129 133
11 22
26 33
0 3
0 5
42 47
16 24
79 84
2 20
132 135
75 82
40 53
18 34
16 21
78 97
35 44
52 67
74 79
0 8
81 88
39 41
75 79
0 8
40 47
13 20
60 70
0 3
42 60
84 98
73 80
82 86
12 25
88 110
0 21
46 53
38 44
84 90
39 44
0 16
27 29
71 76
9 28
18 28
0 15
35 43
0 12
56 63
8 12
90 98
0 12
61 85
0 9
29 43
26 29
64 73
0 7
73 82
19 32
104 116
0 7
71 78
106 112
95 102
4 15
86 88
37 44
4 18
52 59
16 25
73 80
22 28
38 47
55 71
128 131
95 105
0 12
60 67
106 114
116 125
0 9
63 69
91 100
9 20
67 77
5 11
12 28
78 81
18 22
68 80
4 16
31 49
67 85
16 23
40 58
31 64
71 111
0 20
43 47
0 5
37 43
0 10
0 7
46 57
90 99
97 107
17 19
24 26
41 44
71 80
0 3
6 23
52 64
98 106
79 86
49 66
83 90
0 15
34 41
4 13
49 66
1 9
81 93
15 21
67 79
11 17
20 23
4 16
71 89
4 28
40 48
4 12
84 90
98 110
67 80
2 12
102 111
43 55
116 125
128 131
133 139
47 70
63 72
0 11
45 54
113 122
16 29
4 14
44 52
70 78
20 33
31 51
88 95
0 8
12 26
35 49
22 38
0 5
59 65
0 5
0 5
0 13
0 7
22 24
13 29
52 77
1 6
31 36
0 10
35 43
59 64
86 99
24 31
63 68
38 46
0 8
73 79
17 32
114 118
53 57
11 15
20 26
130 135
35 47
69 72
99 112
0 24
42 55
5 16
82 96
84 92
67 80
18 24
74 89
9 19
105 113
13 17
4 16
22 36
33 40
0 16
67 74
18 27
8 15
0 2
32 40
88 96
31 37
1 15
8 16
0 7
38 46
1 11
53 58
34 37
17 34
11 19
4 14
1 12
1 16
4 11
4 15
12 36
4 15
65 70
10 24
1 9
4 16
12 24
34 41
33 41
1 12
19 34
41 45
4 14
17 23
4 15
0 6
10 16
23 29
0 7
17 22
1 6
1 13
18 26
0 5
19 32
55 61
75 82
1 12
38 44
65 72
77 86
45 54
59 65
11 19
43 50
1 12
126 140
16 21
40 51
55 61
132 138
102 108
23 30
26 38
49 56
18 29
4 15
14 25
1 12
38 80
19 34
32 37
1 12
100 110
4 19
33 38
1 12
34 43
50 58
4 15
18 29
21 24
4 16
21 28
1 9
123 139
1 10
4 16
117 127
48 62
4 15
6 11
1 8
36 47
4 15
18 29
14 17
6 15
59 64
48 54
0 6
28 35
37 46
81 92
4 15
6 12
18 33
113 128
26 35
10 22
1 6
66 74
1 6
1 12
22 29
100 107
62 69
103 108
4 15
24 31
11 26
72 81
4 17
34 46
98 109
16 23
56 58
82 94
4 11
75 81
13 17
23 29
62 73
0 4
42 46
9 13
75 80
0 43
33 36
44 55
1 10
81 94
46 54
0 14
110 122
41 59
9 23
17 25
0 6
18 31
27 41
45 53
17 24
54 58
0 9
0 13
4 10
91 105
8 14
0 8
120 127
11 21
40 46
31 38
65 77
79 87
0 8
38 44
20 35
36 52
1 16
54 63
80 89
68 75
25 31
37 47
45 54
26 39
1 14
114 121
23 34
7 12
66 71
0 6
1 12
0 10
30 36
61 70
37 43
0 9
16 23
46 49
72 75
27 30
92 97
40 50
17 32
24 32
12 21
1 10
5 11
0 12
5 10
8 14
1 13
4 18
20 29
0 11
0 8
118 127
89 97
4 18
1 5
1 7
3 7
1 7
6 10
30 51
102 110
83 89
0 12
6 15
69 72
42 44
8 14
122 126
47 50
12 18
33 40
44 63
4 16
64 72
12 17
0 22
65 72
29 33
67 73
84 89
0 7
15 20
1 6
5 12
1 13
48 58
0 3
23 31
58 69
4 12
78 81
64 76
116 132
55 60
31 41
70 73
0 19
1 6
3 9
73 79
1 8
1 10
46 55
0 4
59 70
0 14
18 32
67 72
26 38
70 73
99 107
0 3
59 68
13 23
47 55
0 10
101 107
28 32
13 18
35 41
56 62
1 9
74 80
91 97
10 15
0 6
112 123
1 4
53 57
11 24
4 16
25 33
80 85
0 13
118 122
22 30
0 4
47 55
21 28
68 76
15 20
4 17
1 11
33 42
34 55
16 32
60 82
37 54
17 32
56 69
1 9
94 100
25 36
0 4
7 10
49 59
37 45
1 13
27 31
4 9
52 62
116 127
20 32
36 43
1 7
97 104
0 10
65 69
89 96
63 75
1 14
52 55
9 22
47 53
46 54
0 8
1 6
16 23
44 51
49 61
81 96
12 26
1 13
18 29
27 39
9 19
58 65
0 6
4 16
1 10
6 9
4 7
42 45
114 132
37 49
93 98
20 27
6 10
90 100
7 19
108 113
56 59
4 11
21 35
20 25
20 26
1 6
102 106
1 9
120 133
4 14
28 45
84 88
21 25
28 35
100 107
120 133
8 17
117 122
35 47
1 13
100 104
86 98
40 43
83 97
0 10
125 132
16 19
4 14
61 74
0 7
62 69
35 42
26 30
7 14
35 45
49 58
97 101
1 12
4 15
25 33
14 23
1 12
1 6
19 25
1 7
30 35
4 14
46 55
19 28
110 116
1 12
32 39
11 19
20 25
1 12
1 12
4 18
4 14
17 32
99 105
9 17
6 15
1 11
1 8
106 132
29 38
31 38
4 13
87 96
1 12
14 24
74 84
65 74
77 86
0 5
62 67
70 87
38 47
4 17
33 54
108 117
11 14
52 67
112 121
4 18
11 17
10 15
28 36
4 18
22 41
77 89
88 96
134 140
4 15
5 8
15 19
73 84
91 100
44 47
1 9
110 123
10 15
0 9
51 62
55 63
0 12
18 27
4 16
4 17
23 33
1 11
42 59
22 27
37 45
29 32
67 73
0 8
34 47
1 11
68 74
104 109
38 49
0 6
14 28
107 117
57 63
45 54
62 70
1 15
19 55
100 108
4 31
0 3
34 45
1 4
18 25
9 13
65 68
1 10
53 55
105 108
83 86
17 32
117 123
21 33
23 33
55 68
0 12
72 82
4 12
1 14
58 63
4 15
9 20
17 27
69 77
49 61
85 96
125 132
4 13
75 81
1 13
15 18
4 13
1 16
25 42
1 9
71 80
52 64
0 2
12 24
1 7
0 8
0 5
24 34
57 63
5 11
22 31
38 52
1 12
1 6
49 61
28 39
63 76
1 6
46 53
4 16
26 34
15 17
87 89
4 19
30 34
1 14
0 8
12 23
59 66
84 86
24 34
14 23
33 40
71 82
92 105
82 89
60 68
130 140
4 14
1 6
1 8
49 58
12 20
54 60
22 34
87 98
37 41
21 29
30 37
43 45
5 7
29 35
96 102
74 89
33 47
5 32
0 7
19 26
18 23
1 12
1 9
17 22
1 12
27 37
50 61
10 15
1 14
14 20
1 12
45 51
1 12
1 7
26 29
1 7
89 96
11 20
18 24
1 12
10 22
38 41
47 52
17 26
70 75
42 47
4 12
4 14
78 84
6 12
1 7
64 77
1 11
75 81
1 7
65 74
41 49
17 24
1 8
47 59
32 45
1 9
20 28
4 17
13 20
63 70
12 21
59 68
39 42
1 12
1 5
27 37
1 22
7 12
32 39
0 13
6 17
26 39
0 12
0 4
64 70
9 13
38 44
4 16
0 5
25 37
4 16
26 32
35 42
73 79
23 28
96 102
20 26
90 96
52 57
56 57
1 9
32 39
45 57
0 7
4 17
23 28
58 64
130 139
27 34
64 76
23 36
3 10
50 56
20 32
124 131
31 38
72 78
99 110
0 5
0 6
41 52
66 69
41 46
23 29
0 5
69 84
4 15
31 42
1 12
0 13
35 38
18 24
47 59
35 42
34 46
0 14
82 91
4 13
10 17
24 32
42 50
85 90
26 33
0 13
15 25
1 13
128 137
0 17
127 136
7 10
58 64
9 18
112 119
1 7
1 7
1 10
87 94
99 107
31 40
28 41
62 78
48 60
65 72
112 121
8 10
24 26
1 4
32 45
49 57
36 50
25 34
97 105
25 38
70 80
116 121
11 18
1 6
71 78
35 59
12 19
47 51
1 12
31 45
99 108
113 126
15 18
46 59
1 13
5 16
102 110
31 35
57 73
7 17
39 53
62 70
85 92
0 16
19 26
120 124
61 70
23 32
17 31
0 10
28 43
81 89
93 105
118 128
67 77
91 100
4 11
18 21
14 24
42 46
105 117
51 57
12 23
92 105
19 21
19 27
53 61
7 14
67 74
8 13
27 32
53 58
64 68
76 86
27 31
33 35
35 42
1 11
54 67
4 15
4 6
33 46
66 74
12 24
68 75
39 50
75 83
87 91
77 82
52 59
15 22
39 47
31 37
1 5
15 30
12 25
1 10
102 108
117 124
25 37
83 93
78 83
87 93
11 22
37 44
36 39
5 11
13 19
66 71
4 16
0 12
28 39
56 61
25 30
29 32
53 60
8 22
43 57
5 17
106 109
59 62
97 102
28 33
94 108
103 108
24 29
96 100
27 43
1 7
70 76
17 21
0 6
40 45
4 14
35 40
19 22
44 60
88 93
37 42
95 112
125 130
85 88
6 15
19 24
29 34
40 53
32 39
4 10
87 96
11 15
63 68
15 17
4 10
102 115
1 12
1 20
92 100
27 33
18 24
1 14
34 49
51 62
0 4
43 56
13 17
0 13
62 83
4 16
1 15
94 104
65 71
77 86
1 12
26 30
7 13
64 69
40 45
14 20
1 12
1 9
0 5
48 57
1 12
0 6
91 103
38 42
0 9
44 47
1 16
44 61
33 44
7 14
64 74
49 56
1 15
3 9
34 41
1 7
1 7
28 44
1 7
1 10
42 51
34 40
1 7
82 88
71 80
93 100
14 19
1 12
0 7
84 93
83 89
4 10
10 20
24 48
26 35
65 81
118 122
17 22
4 15
132 140
1 6
63 69
31 35
16 23
1 8
14 21
6 12
64 73
56 59
26 38
54 60
37 40
1 12
122 129
8 16
14 22
1 12
46 52
1 12
1 12
0 7
16 24
62 65
14 24
1 12
14 20
1 12
1 9
25 31
50 54
42 49
1 8
122 130
52 58
61 68
10 15
15 21
106 112
66 73
125 133
37 45
9 17
4 16
62 70
43 46
0 8
66 70
94 97
30 37
4 13
0 6
32 34
115 124
9 18
85 97
34 36
65 67
4 12
0 21
86 94
52 63
19 28
107 110
0 9
77 88
4 7
59 61
99 111
100 112
21 27
46 50
49 54
0 7
99 111
64 74
112 122
97 99
63 69
71 74
98 103
4 13
64 72
7 14
77 85
109 115
48 54
37 45
10 20
91 95
97 109
93 101
33 36
70 71
0 5
27 33
60 69
24 33
91 109
31 42
2 9
121 126
62 79
8 11
66 69
43 57
32 37
1 4
117 129
24 33
0 13
21 27
1 7
101 113
74 85
121 128
98 103
33 38
3 10
110 112
0 24
1 13
1 9
22 32
53 58
1 13
41 49
27 35
34 43
18 21
4 8
58 64
30 35
69 80
68 85
10 36
73 87
38 43
106 122
41 63
19 24
0 4
57 61
0 44
0 10
93 101
36 51
78 92
3 9
16 22
51 62
8 12
71 76
0 13
1 12
57 66
94 103
83 92
32 38
21 29
12 19
24 30
4 10
46 51
1 9
53 74
63 72
45 53
37 47
29 32
4 14
11 24
44 52
4 16
17 19
4 10
16 23
1 7
0 7
0 7
1 11
0 12
99 108
16 30
10 21
68 76
52 62
1 9
60 89
4 14
32 40
111 118
1 10
102 117
128 131
60 71
20 24
1 15
50 58
0 7
24 30
5 8
1 6
4 14
51 64
4 18
15 21
36 39
50 60
19 31
107 114
0 12
23 35
0 8
118 132
62 69
101 108
89 99
23 34
0 8
119 123
40 46
23 31
0 7
14 18
92 100
20 27
43 56
31 41
63 70
95 109
17 33
89 95
1 6
16 28
26 35
8 14
15 34
34 41
14 21
58 65
12 19
66 73
3 6
10 13
44 51
50 62
1 6
3 12
41 49
108 126
8 17
19 29
31 34
107 135
58 65
69 75
33 40
84 109
105 112
19 26
79 88
70 77
60 68
91 102
4 15
9 21
75 84
100 108
15 23
1 4
1 7
1 7
21 27
4 18
43 52
8 19
1 4
100 109
13 23
91 98
122 133
17 25
51 76
30 37
77 85
21 28
1 7
1 6
8 11
17 28
1 9
54 63
114 128
67 81
19 27
0 7
0 22
92 97
67 88
5 12
70 90
2 4
0 10
33 44
75 77
33 35
0 7
0 9
31 39
83 86
62 66
1 12
37 42
1 8
1 16
0 20
40 43
4 16
43 59
18 25
34 41
24 31
33 37
11 16
42 46
1 12
106 117
1 12
1 6
40 47
8 23
80 93
31 39
4 17
0 5
18 24
4 17
76 82
45 52
9 26
34 41
83 95
7 14
2 13
66 72
0 5
58 64
40 52
38 44
5 8
30 48
4 8
75 81
53 58
7 15
34 39
45 47
48 70
26 39
0 11
16 20
38 42
25 31
20 24
0 8
50 58
39 41
4 18
0 7
0 15
95 114
21 27
15 30
107 110
100 103
39 48
27 35
45 53
20 27
56 69
74 77
0 13
79 82
106 113
120 137
127 135
28 39
52 56
21 30
39 49
6 28
79 84
46 50
4 16
0 11
17 23
39 46
0 5
41 44
74 92
94 101
0 8
52 66
23 38
0 10
22 25
0 6
8 15
5 19
58 63
27 33
0 7
54 72
119 127
113 117
125 133
93 98
29 33
0 6
8 15
77 90
89 101
19 26
105 123
120 124
122 130
65 77
132 140
38 48
4 16
1 11
104 111
9 21
124 132
73 75
1 10
8 15
0 6
1 9
79 82
0 7
1 13
1 12
87 98
79 84
76 80
0 9
0 18
26 34
1 8
99 113
0 11
20 35
41 47
50 58
40 45
0 7
15 21
74 79
72 75
0 5
37 43
15 22
57 71
133 138
107 112
18 30
1 10
0 26
3 6
10 13
72 75
78 88
1 8
34 41
82 86
46 53
38 51
76 89
10 26
74 88
15 17
0 7
21 27
32 40
22 25
0 6
8 15
119 126
50 54
30 32
99 105
77 84
1 7
0 15
49 60
63 69
18 24
0 14
27 35
54 72
0 14
128 139
37 45
17 31
4 15
0 7
37 47
50 59
1 9
21 25
47 55
38 41
97 104
68 79
1 13
71 78
25 30
45 57
0 14
45 52
77 84
68 75
61 66
1 10
75 83
20 29
103 117
23 26
114 124
17 27
76 79
134 139
110 118
29 41
12 18
23 37
31 49
1 13
33 42
43 46
68 71
4 16
20 32
92 95
1 7
49 56
81 91
106 122
123 131
0 17
1 12
33 48
0 2
54 63
62 70
24 29
53 64
69 77
35 40
5 15
20 24
1 13
4 15
22 30
90 98
73 80
82 88
0 5
14 21
73 93
59 64
20 26
1 9
22 30
4 17
45 49
1 11
22 30
68 76
4 12
120 124
1 6
78 91
130 134
1 9
75 84
45 53
4 16
9 15
3 6
102 117
33 41
86 98
29 41
0 5
0 5
7 14
31 35
107 111
54 76
26 31
4 7
21 28
86 92
10 16
27 33
16 21
1 12
15 26
51 55
16 20
83 87
10 15
40 64
17 24
87 91
96 101
1 5
27 32
105 107
1 13
39 49
57 65
99 110
25 32
30 34
17 28
4 15
4 14
37 48
10 21
14 22
1 12
77 98
28 34
88 96
36 50
23 28
4 15
78 81
1 13
42 48
35 39
0 6
14 19
1 12
37 44
1 12
31 38
18 29
4 15
14 18
1 12
85 99
0 7
104 107
77 82
133 138
34 39
1 11
1 12
57 62
16 23
21 30
1 7
109 122
12 20
14 20
1 12
1 7
31 39
4 15
18 29
14 22
60 64
10 21
5 12
29 35
35 41
4 12
4 7
21 31
0 11
85 96
74 84
40 47
1 11
71 78
65 76
8 15
87 97
91 99
1 12
0 5
37 46
1 10
20 29
4 18
18 23
4 15
1 12
14 19
1 12
9 17
1 14
4 17
1 12
70 79
54 58
134 136
37 41
4 12
30 39
17 28
4 15
67 77
52 59
102 122
0 2
31 36
18 29
4 15
17 20
1 7
53 63
76 89
0 13
20 31
6 9
24 35
14 24
1 12
83 102
48 59
31 37
4 15
18 29
50 62
25 32
41 47
77 85
90 97
1 9
14 24
88 90
0 2
21 32
1 12
11 22
4 11
83 91
92 101
102 115
116 121
72 82
1 5
12 24
42 47
113 120
12 25
126 138
70 75
77 83
45 50
10 17
4 8
10 24
33 41
1 10
87 94
0 10
27 44
67 95
51 61
7 9
4 13
18 26
75 79
17 38
63 70
4 15
68 80
89 94
95 102
107 111
54 62
49 68
37 46
0 8
42 52
103 112
4 14
0 7
13 16
106 108
34 38
40 45
0 7
81 96
1 10
107 112
91 101
1 10
16 21
1 11
5 15
0 8
66 73
25 29
1 15
30 35
42 46
15 25
0 11
4 14
4 14
0 2
76 78
20 31
5 16
42 47
94 99
15 26
33 40
35 43
0 9
60 63
88 92
61 63
25 32
14 17
1 10
5 14
65 76
4 19
20 31
59 65
5 12
0 9
35 38
47 52
59 65
70 76
1 7
0 5
34 47
65 71
103 123
43 57
63 72
71 75
8 11
1 7
1 11
43 45
129 131
112 117
1 13
1 6
4 15
26 34
76 89
91 98
87 95
122 129
4 12
92 99
23 29
82 88
34 50
0 5
58 69
44 51
68 75
32 35
81 86
48 52
96 101
8 12
13 18
96 99
1 11
39 61
12 25
22 34
1 12
112 117
0 5
85 95
21 26
10 15
12 18
20 30
79 83
0 10
72 82
57 69
21 36
57 65
21 25
21 25
20 29
84 92
65 71
25 32
76 83
0 2
39 41
98 107
46 57
0 2
1 10
0 3
41 49
1 12
116 132
0 7
1 9
1 11
62 69
24 36
2 13
60 63
2 13
1 7
90 107
0 7
66 70
129 136
107 116
21 33
23 28
43 49
66 80
30 39
4 18
0 10
31 39
68 73
1 4
27 33
92 95
102 110
12 29
53 57
57 68
70 72
75 86
27 29
22 28
80 99
105 112
0 19
74 88
74 84
6 15
35 51
109 115
0 8
42 47
15 18
78 105
0 4
71 80
40 42
20 24
13 17
43 82
51 57
78 87
0 5
94 99
117 120
58 69
39 51
28 37
86 97
67 81
0 21
0 9
0 8
45 52
58 64
13 21
15 23
29 50
0 8
26 46
19 23
113 120
49 66
129 133
50 54
0 7
44 50
51 53
52 65
33 48
74 92
37 48
54 67
17 20
64 70
35 43
47 54
22 31
17 21
78 80
0 13
91 94
35 53
63 76
98 111
47 59
10 22
33 44
15 23
79 85
0 9
88 92
0 9
83 89
0 8
57 63
66 69
0 8
106 112
39 56
0 5
38 42
79 90
21 25
8 18
33 39
48 54
85 89
1 5
131 138
120 124
32 39
59 66
76 80
2 13
37 41
0 14
0 8
36 49
36 44
91 94
28 33
50 57
113 118
4 16
25 47
84 89
102 107
31 36
78 82
87 101
0 6
18 21
11 15
2 9
37 46
0 11
18 25
34 39
0 12
120 127
107 114
22 24
93 101
0 6
40 49
18 24
57 63
68 78
27 37
0 6
39 45
94 106
99 102
1 5
88 98
75 79
0 7
0 11
4 11
96 102
90 94
13 20
26 39
113 121
132 135
123 126
0 8
11 17
57 61
56 65
40 54
15 31
88 96
97 101
54 70
21 33
9 13
75 101
4 6
29 46
1 14
63 73
46 50
11 17
107 111
0 6
93 98
0 13
84 91
0 16
73 77
0 6
57 80
85 91
114 118
60 66
0 8
72 85
14 17
70 78
20 29
30 34
83 88
42 47
126 134
120 126
74 78
24 27
0 6
0 13
32 41
49 55
97 101
22 28
4 11
13 29
99 103
78 85
59 64
95 99
4 17
18 27
10 16
102 106
0 6
66 68
55 61
55 59
90 105
39 45
77 84
0 13
44 64
85 93
75 83
0 6
56 80
77 86
4 17
43 52
12 25
45 52
0 4
88 95
71 77
42 50
16 32
10 15
52 63
11 16
49 60
0 7
40 43
61 69
42 64
77 85
0 8
1 12
14 20
0 7
0 7
26 30
133 140
111 130
15 23
4 13
0 16
23 29
0 4
42 59
28 34
99 107
43 49
65 69
71 77
0 13
64 73
22 35
26 40
5 9
47 54
63 69
55 59
20 29
80 85
10 19
76 80
20 24
120 130
101 105
10 14
110 115
81 95
32 39
40 47
18 25
6 13
63 71
55 60
44 50
32 42
12 23
0 9
63 70
0 9
38 51
0 10
29 42
27 40
47 51
13 19
74 78
0 13
14 28
46 52
4 17
70 83
58 64
4 17
0 13
11 24
43 49
68 73
25 38
88 100
117 130
102 112
4 15
21 34
15 28
47 53
82 89
21 33
31 34
11 24
5 17
71 74
72 81
110 114
4 17
0 13
50 59
15 28
1 4
6 15
83 92
13 26
41 47
4 11
35 48
1 15
1 14
46 55
6 20
93 95
0 12
60 67
27 36
94 107
0 15
60 72
34 46
13 19
123 128
110 113
63 78
5 14
85 94
30 38
22 30
76 92
0 16
46 54
34 40
28 34
38 48
113 123
125 131
105 111
7 15
47 55
46 60
23 37
103 110
46 53
90 101
0 9
128 136
120 126
6 22
42 46
83 90
0 5
34 36
86 92
19 23
79 85
99 106
0 7
72 79
0 2
60 71
17 28
47 59
93 98
79 81
83 91
0 17
19 27
0 14
76 90
89 96
33 35
88 106
50 60
74 78
9 23
1 8
4 17
44 50
91 102
0 15
42 49
1 4
24 29
0 5
104 111
23 40
65 74
62 70
28 34
10 19
55 60
57 61
19 34
125 130
19 30
115 118
4 17
58 63
79 95
0 7
33 70
40 43
18 25
121 128
62 75
0 3
29 40
3 10
12 21
64 69
27 31
13 21
0 34
84 98
37 49
14 22
24 31
10 21
45 51
89 92
13 19
27 31
36 38
11 19
0 5
11 22
93 110
73 89
13 18
0 11
82 92
0 13
55 72
24 34
67 76
0 9
81 90
19 34
59 65
0 4
59 69
5 16
10 22
57 64
115 122
13 27
0 9
80 87
40 47
0 7
50 53
62 78
80 83
91 99
24 32
3 6
4 12
0 8
79 85
20 29
22 30
4 6
40 48
44 58
13 22
0 7
0 5
30 37
43 60
0 11
71 83
27 35
5 13
14 27
42 54
21 30
112 117
104 111
67 93
0 2
0 3
10 25
38 45
76 80
46 58
67 73
23 37
44 58
32 39
28 38
96 102
23 27
83 87
53 68
5 17
0 5
39 44
80 90
24 35
71 78
35 39
83 92
98 108
110 121
123 125
1 15
88 95
64 77
19 27
43 57
115 124
44 55
93 101
27 40
133 140
70 80
16 25
0 4
97 104
10 16
0 6
120 127
18 23
45 51
93 109
12 17
131 136
19 34
105 113
68 78
132 135
43 56
4 17
29 37
13 26
68 74
47 55
101 109
23 29
68 77
128 137
0 9
61 72
53 59
0 6
86 94
0 5
43 50
53 67
10 18
0 6
31 37
55 71
90 98
22 36
52 59
10 14
49 64
80 83
6 19
0 6
11 19
44 55
0 20
1 8
48 59
31 38
4 13
115 124
126 133
39 46
0 13
40 55
0 13
104 108
59 73
0 15
25 38
46 55
0 8
32 40
89 96
0 7
38 45
52 66
10 19
25 27
0 14
65 70
88 93
96 109
41 55
0 3
96 112
0 20
94 97
69 76
15 21
87 96
73 83
37 53
3 13
8 18
83 91
23 33
76 92
51 63
111 120
95 108
66 73
123 132
20 25
84 91
65 73
8 11
14 33
4 13
22 39
0 5
61 64
11 23
27 33
11 22
34 41
79 104
132 138
11 17
28 39
46 60
16 22
4 14
37 45
106 118
42 50
131 136
68 82
31 37
36 45
90 93
0 8
73 77
28 33
35 40
82 87
0 7
44 51
42 49
61 66
12 16
22 28
72 78
0 7
19 36
65 77
19 29
10 17
0 8
52 59
34 49
11 18
19 32
1 4
15 24
61 67
75 88
48 61
0 9
51 61
24 41
55 68
133 136
0 5
15 34
0 4
100 108
14 22
89 95
51 59
10 15
0 7
57 67
0 13
18 32
62 64
0 7
38 45
87 101
77 85
68 75
33 36
104 118
22 26
7 15
16 28
75 82
121 128
11 20
31 36
110 116
0 20
0 7
41 47
0 17
10 26
61 64
10 15
96 107
0 16
53 55
0 10
34 39
19 25
81 83
0 7
74 80
110 115
26 28
61 66
96 102
4 17
129 135
52 60
18 35
44 59
119 127
129 136
0 5
41 47
0 5
63 74
100 109
29 47
67 74
47 52
4 14
85 96
102 112
0 4
58 67
40 51
4 21
1 3
27 30
130 138
53 60
74 88
100 108
66 72
19 23
62 64
55 62
66 77
13 20
0 5
44 53
6 19
101 109
87 93
54 73
11 14
90 112
16 23
9 14
0 7
54 68
18 26
91 113
0 5
33 45
71 79
0 10
111 123
44 53
15 25
0 7
20 25
79 110
52 63
0 11
54 67
118 129
47 57
0 6
54 64
65 83
24 31
0 9
98 104
0 5
95 100
33 49
6 10
110 112
85 108
48 58
38 45
0 5
4 16
92 99
48 59
86 93
106 111
0 4
0 3
45 55
16 23
81 112
72 81
98 103
0 13
30 32
128 130
20 24
35 52
56 62
1 7
118 133
104 115
135 138
30 43
62 74
53 57
78 93
19 22
54 64
79 85
74 81
0 7
112 121
15 28
128 134
4 11
54 65
5 10
23 30
64 69
40 46
0 3
104 111
54 63
0 6
0 5
0 6
24 38
11 19
78 87
118 138
0 8
54 60
34 40
29 40
73 91
1 6
53 59
77 83
62 67
21 27
112 121
92 100
72 74
105 120
24 38
50 56
7 17
123 127
12 27
33 44
20 31
113 116
121 128
39 47
53 81
29 36
38 42
8 14
41 49
23 34
0 18
99 101
15 26
72 89
105 112
71 87
29 40
0 15
0 5
25 38
95 99
110 113
52 55
14 26
41 44
0 9
33 40
43 46
0 4
6 13
60 64
1 4
9 16
33 42
47 52
17 22
61 72
78 81
98 108
9 18
0 4
52 58
21 35
14 51
20 25
102 111
55 64
0 14
37 51
83 97
0 14
80 95
0 7
74 82
48 59
83 92
0 7
81 88
0 18
41 49
24 26
0 5
91 95
49 89
50 58
86 88
89 95
56 64
103 111
36 40
57 65
11 18
23 28
52 57
71 76
41 45
108 112
96 101
37 41
35 48
0 7
82 89
73 77
50 66
33 38
0 9
129 134
88 99
0 11
41 54
18 20
25 29
61 75
21 35
14 25
0 9
64 67
35 39
16 23
4 14
44 50
0 3
40 47
13 26
35 41
66 78
6 15
92 96
14 18
0 3
75 82
0 11
41 49
24 31
51 59
92 102
51 56
45 49
20 29
25 35
13 30
74 93
69 73
40 49
12 22
55 72
20 24
57 66
97 110
43 52
25 34
62 70
16 19
5 12
36 41
95 98
14 32
4 10
53 66
12 20
38 41
29 40
0 3
29 34
5 23
1 6
66 71
19 22
98 110
10 19
0 5
0 5
21 36
96 103
0 5
29 39
18 22
48 51
40 58
90 94
12 24
29 37
14 16
0 7
91 100
81 96
0 13
0 9
37 47
49 52
59 65
39 45
21 24
89 96
72 80
4 11
50 54
96 110
4 11
68 81
8 15
87 93
10 22
34 40
0 3
45 51
82 85
0 14
72 80
55 70
0 7
21 25
0 5
31 36
92 94
17 19
0 8
117 125
55 65
34 38
6 10
18 25
19 35
91 100
0 9
37 45
9 13
0 4
4 11
17 27
0 3
132 135
0 11
124 128
35 39
5 13
94 112
40 54
19 27
88 94
54 64
41 52
106 108
16 30
82 85
0 9
66 74
17 19
76 95
59 69
31 52
22 25
23 28
0 3
13 18
30 33
24 32
25 34
36 38
33 40
123 133
96 105
8 25
66 74
16 28
106 113
4 14
40 53
54 57
0 6
28 55
62 79
12 26
104 119
90 97
54 61
63 67
44 57
10 25
42 50
0 2
51 59
0 3
66 87
52 59
42 49
17 26
36 44
119 127
11 24
4 9
52 58
36 43
0 4
0 7
99 106
65 71
26 32
34 47
0 13
118 130
4 17
47 60
111 123
80 87
98 107
21 24
110 131
0 3
0 3
10 13
0 5
31 44
15 20
108 113
103 106
44 51
96 101
38 49
53 60
1 15
90 101
20 25
45 61
71 78
89 100
36 56
0 22
67 112
15 17
0 6
69 82
87 104
11 19
45 50
30 32
67 86
0 19
31 44
9 14
1 7
0 21
78 103
0 14
47 51
113 120
19 27
64 76
12 18
54 60
0 4
38 44
20 50
0 8
50 74
8 12
115 130
0 2
120 127
34 42
70 83
1 14
104 119
101 108
0 4
46 58
23 25
33 35
66 77
56 58
97 99
51 57
86 99
4 7
23 36
0 18
86 112
51 58
0 10
71 78
20 25
2 14
44 46
0 3
23 27
30 37
0 5
37 49
24 38
84 86
0 15
0 14
57 64
99 110
30 39
62 77
28 42
24 34
53 62
62 69
85 92
3 16
54 66
37 41
13 21
67 72
36 39
80 93
1 10
0 12
35 41
37 49
4 16
16 22
1 15
1 15
1 15
1 15
10 16
0 12
70 81
16 31
107 117
127 137
51 60
1 7
46 56
13 25
48 58
67 70
24 30
78 84
2 11
2 13
131 139
45 53
62 66
0 8
28 34
43 52
1 9
18 26
12 19
28 35
22 29
42 49
23 27
1 11
24 33
19 29
1 6
1 14
1 10
18 25
119 126
82 86
1 10
1 11
106 114
9 17
34 47
44 56
73 87
88 96
8 15
1 16
13 16
31 36
121 127
41 51
0 10
124 136
18 30
11 23
0 12
65 76
1 16
1 16
1 16
14 29
32 47
20 29
33 50
87 101
22 36
8 21
27 37
44 54
0 10
23 29
59 63
19 26
13 28
10 16
0 16
33 41
49 53
37 52
64 79
52 67
35 50
11 26
68 83
36 51
40 55
78 87
53 62
8 23
1 8
72 83
16 23
10 26
41 44
41 51
77 79
50 52
40 50
57 70
40 53
73 86
45 58
18 33
37 45
56 69
47 68
21 37
18 33
4 17
68 75
20 29
12 21
9 18
0 9
60 69
44 53
0 9
31 40
24 33
0 9
52 61
46 55
18 27
75 84
18 27
27 36
36 45
0 9
7 16
84 91
0 10
1 11
15 21
2 16
58 70
45 59
61 73
0 5
94 107
1 15
12 33
45 55
47 57
15 29
0 13
16 29
15 20
7 18
1 11
0 9
59 69
8 14
1 16
9 22
32 42
47 57
4 16
0 6
13 28
60 68
53 60
71 82
2 10
1 12
19 25
50 62
46 55
84 91
66 73
73 80
18 22
16 23
21 34
117 136
68 74
14 31
21 27
102 108
88 94
27 30
36 39
82 90
47 54
9 14
2 7
2 13
31 40
10 17
13 19
56 67
1 10
35 45
91 102
1 7
76 89
14 28
0 6
11 17
60 67
41 48
76 87
1 10
89 102
11 26
17 28
17 28
18 29
18 29
18 29
1 12
49 54
61 76
24 38
10 22
1 10
1 10
27 35
14 22
9 15
0 8
0 8
24 30
0 10
77 82
127 139
24 35
24 35
75 84
98 107
1 10
9 18
72 84
1 9
48 58
0 4
23 33
2 13
43 52
17 26
1 8
0 6
33 38
29 41
1 15
28 42
22 38
52 63
35 37
13 24
18 21
36 46
1 8
17 24
2 11
101 108
1 15
123 127
2 12
35 41
37 40
15 21
79 91
111 124
2 16
97 110
1 14
51 65
1 13
2 10
0 4
0 5
0 5
135 138
1 9
13 16
23 29
37 41
9 16
19 25
19 28
31 39
28 36
73 79
18 24
64 69
66 71
46 51
11 25
22 29
82 88
40 49
9 18
79 85
88 94
61 67
31 37
11 25
1 14
1 11
1 15
34 36
12 14
20 22
33 35
25 32
65 72
48 64
62 79
34 48
97 104
1 7
61 67
87 93
1 10
20 28
75 83
73 81
74 79
30 35
52 57
31 36
76 81
63 68
1 9
0 8
59 72
2 17
2 14
2 16
89 94
11 25
14 18
0 12
64 86
32 37
94 99
1 13
20 30
7 17
23 32
1 8
13 23
0 13
21 26
1 15
1 15
45 54
45 54
8 21
15 26
42 50
2 15
1 16
57 73
57 67
48 61
20 33
27 40
81 94
39 52
28 41
24 37
37 50
61 74
33 46
22 35
20 33
57 70
30 43
53 66
58 71
10 23
21 34
66 79
33 46
25 38
5 34
18 33
1 16
1 16
1 16
55 70
92 107
35 50
1 16
10 25
45 60
44 59
46 61
69 84
70 85
36 46
42 48
1 15
1 16
64 69
94 99
8 13
29 37
1 11
2 16
0 13
1 13
1 15
66 78
0 15
113 126
44 62
13 23
14 17
11 15
1 12
0 12
50 78
38 42
57 66
29 34
7 20
3 16
1 3
31 40
110 120
73 83
84 94
86 99
1 14
6 10
31 42
85 99
71 85
24 38
3 6
0 7
1 15
0 13
1 10
89 102
61 65
37 48
39 50
12 25
37 47
77 95
106 110
10 15
48 54
0 14
17 32
0 8
1 16
46 57
34 43
111 118
18 32
1 14
70 76
112 123
9 20
13 20
13 27
41 45
11 14
4 10
0 6
1 14
18 30
18 25
15 22
13 20
34 49
0 9
65 70
28 38
37 51
43 51
36 47
0 9
1 15
119 125
2 17
0 8
0 8
0 14
12 20
66 77
31 41
13 23
14 24
32 44
110 118
16 23
1 8
64 69
80 88
119 125
43 54
1 15
1 15
14 25
3 10
17 22
56 71
24 36
1 11
0 15
1 13
1 13
18 30
22 29
16 30
17 23
0 11
1 10
87 90
95 104
1 9
0 6
2 17
14 23
43 72
21 58
18 31
31 49
122 132
98 108
1 13
72 85
1 15
1 16
61 73
14 21
70 81
64 73
69 75
31 37
33 40
30 37
7 17
0 4
96 99
31 44
20 22
37 39
22 24
72 74
81 83
22 24
27 38
0 3
10 25
93 107
22 28
25 36
22 30
2 15
25 35
1 13
63 66
14 17
51 61
32 49
19 30
33 38
14 21
54 60
28 37
2 15
20 33
0 9
8 19
9 21
18 26
18 26
1 9
120 126
0 7
0 5
0 5
99 112
12 29
84 94
2 14
82 89
16 23
100 111
99 107
61 69
76 84
4 8
10 14
8 16
69 77
35 42
35 42
1 9
43 52
1 12
1 15
2 14
13 27
1 7
1 7
1 7
44 50
68 80
93 102
18 30
23 30
16 30
1 15
17 26
85 92
26 33
39 45
17 26
2 12
78 84
48 60
1 10
2 14
23 41
35 48
11 21
79 87
1 9
2 10
82 102
58 72
68 75
47 49
42 50
37 45
41 52
17 28
15 25
55 65
39 49
1 13
29 37
4 12
113 121
14 22
1 14
54 61
1 16
1 16
1 11
1 12
9 16
23 31
88 90
118 133
51 60
1 13
1 13
13 22
1 12
41 50
1 11
1 11
12 25
8 17
53 68
108 120
1 12
56 65
2 8
30 34
1 10
60 72
46 50
9 13
16 27
1 12
20 24
1 12
101 111
34 43
1 13
82 94
125 137
2 9
1 14
100 105
1 11
1 12
1 12
14 21
2 9
1 15
1 10
67 76
5 16
18 29
0 12
15 29
1 14
54 67
22 34
12 34
39 54
18 28
128 134
38 42
12 16
38 49
23 29
31 36
36 47
19 28
32 41
2 12
44 56
10 27
1 7
1 11
2 16
94 106
20 32
20 32
79 92
1 7
17 23
13 28
63 74
86 101
65 75
1 12
30 43
30 43
106 115
1 11
1 10
1 16
11 24
1 8
1 8
1 14
1 10
77 86
1 11
2 12
125 137
1 12
59 64
92 102
25 31
42 50
1 9
16 24
1 10
12 23
45 57
1 13
2 13
15 22
41 56
1 14
48 57
1 13
71 77
52 59
93 100
1 12
45 52
7 20
42 61
44 46
29 36
90 97
27 42
21 24
67 77
14 28
1 11
1 13
4 17
1 12
11 22
28 39
1 9
69 73
26 37
13 22
4 17
12 17
53 58
4 10
88 94
88 94
65 73
24 35
4 7
108 114
18 31
103 106
85 92
4 16
125 130
120 123
65 73
99 103
18 24
105 110
4 15
112 118
4 6
22 28
4 11
58 63
21 28
107 120
102 108
25 29
91 100
119 122
110 117
72 80
41 44
4 14
82 89
98 104
15 22
81 91
116 122
33 40
99 109
4 16
0 5
17 22
4 15
28 33
65 70
4 15
38 43
75 80
104 109
16 18
4 14
72 77
88 93
85 90
101 106
4 11
31 36
93 98
4 18
40 45
0 5
22 27
49 54
64 76
41 46
29 33
4 16
4 15
113 120
121 139
0 5
51 57
4 6
21 29
26 34
37 42
13 18
0 2
53 64
28 39
108 113
14 16
4 12
124 132
31 36
39 45
51 68
94 104
80 91
21 31
4 19
105 108
112 124
4 12
18 24
4 15
70 78
79 91
57 63
19 24
0 2
76 82
38 43
19 21
4 17
106 113
76 81
4 12
37 44
62 66
4 6
52 57
37 41
112 117
56 65
91 103
106 110
20 37
4 18
23 30
4 13
60 70
111 114
4 15
4 6
18 24
91 97
19 24
0 8
49 53
33 42
57 64
4 15
12 18
90 95
4 10
100 114
4 18
20 30
50 55
60 74
4 13
79 87
27 32
98 100
115 117
43 45
9 15
59 64
74 79
34 36
22 28
72 77
87 92
47 49
62 67
0 4
31 35
38 43
4 16
47 52
1 8
80 85
65 67
16 23
95 100
80 82
4 13
33 35
1 12
38 49
4 19
84 89
4 12
60 65
1 6
30 32
19 30
110 115
29 34
72 77
61 68
102 112
4 19
30 35
72 77
25 33
51 56
38 42
4 18
112 118
4 12
25 32
49 62
91 98
0 6
39 46
105 112
14 20
4 12
41 46
4 17
73 87
128 135
37 42
25 33
4 12
105 109
65 71
53 58
24 26
4 15
4 13
15 22
32 44
83 90
20 27
29 44
4 18
18 25
27 32
4 7
19 24
49 54
14 21
35 40
4 12
61 66
0 6
85 91
67 72
74 81
35 40
44 48
4 10
57 60
17 32
78 83
4 10
8 10
4 6
18 24
50 55
91 96
0 2
10 16
42 47
83 88
21 32
4 19
73 78
0 14
79 84
13 27
4 11
92 97
82 86
4 16
93 97
4 11
15 27
4 16
18 22
34 45
4 14
85 93
32 43
2 12
83 91
128 139
106 110
129 133
63 67
4 18
12 17
4 10
71 76
111 115
45 57
4 17
26 38
116 123
50 55
4 15
28 43
72 90
23 29
125 130
98 102
4 11
58 62
11 15
69 75
24 33
4 17
9 21
66 74
4 16
4 6
123 131
63 68
26 31
19 24
110 114
32 49
0 6
59 63
25 30
94 103
14 18
73 89
4 14
17 27
28 51
4 14
33 60
4 11
17 25
105 110
4 17
65 71
28 39
97 110
72 83
4 17
88 95
0 4
103 108
93 100
59 64
43 47
76 80
1 9
4 11
89 93
14 22
83 88
53 61
4 17
0 3
43 51
20 23
63 71
4 18
12 16
68 74
30 34
86 92
4 16
4 16
0 8
91 97
4 14
33 51
81 85
4 18
28 39
99 110
41 65
39 45
4 13
28 42
48 64
4 12
32 35
58 66
92 101
52 57
52 55
72 83
4 17
38 46
4 15
27 33
4 6
28 31
61 68
20 27
4 18
84 89
45 47
26 33
37 41
51 64
45 52
56 60
70 83
4 17
0 3
21 37
4 19
47 50
69 77
0 5
50 62
115 117
4 16
39 51
22 27
4 16
125 137
125 137
1 9
30 34
60 65
52 54
45 49
75 80
67 69
4 13
86 94
44 52
29 38
4 15
66 72
4 12
73 80
91 107
23 29
93 101
32 40
66 71
8 19
48 56
82 87
24 35
4 14
25 27
103 105
92 101
10 18
109 117
47 54
125 137
125 137
1 9
95 100
49 54
120 132
120 132
1 9
56 67
25 27
15 24
4 12
9 12
20 34
61 73
4 7
21 23
83 86
22 26
57 62
15 18
44 49
4 14
119 124
45 58
4 18
80 84
97 108
4 19
59 63
76 87
80 85
58 63
104 106
43 47
4 15
4 6
78 82
133 136
107 114
56 63
4 11
4 12
30 41
20 24
4 18
47 55
39 45
4 16
62 69
72 82
97 102
4 14
16 22
4 13
135 140
58 72
32 44
0 5
67 69
67 77
52 65
83 97
100 113
4 19
73 78
0 5
33 48
4 11
94 103
7 17
26 34
26 31
16 24
58 75
4 14
25 42
4 15
4 7
19 25
31 36
28 37
4 13
36 40
47 55
82 89
57 61
68 76
4 19
103 110
131 133
4 16
28 33
51 56
85 90
4 16
18 23
42 47
120 132
2 10
82 87
10 16
97 108
111 123
111 123
1 9
10 15
70 77
88 93
28 33
52 54
125 137
125 137
1 9
63 72
45 59
28 36
104 110
26 33
47 52
13 22
0 2
17 23
82 87
4 15
126 128
0 6
131 138
60 65
16 35
38 44
0 10
61 74
10 15
31 36
61 72
0 15
17 34
40 55
4 15
19 34
4 17
17 34
41 56
4 15
39 46
51 57
65 70
0 8
84 91
17 24
0 8
27 34
98 111
0 15
112 125
14 29
4 12
4 9
64 72
76 89
82 108
0 10
12 17
65 76
41 50
62 77
26 35
4 17
4 6
18 23
94 99
4 6
18 23
105 110
52 54
25 27
113 122
4 13
102 110
15 20
41 46
48 51
125 132
61 66
4 15
38 53
82 88
60 69
71 78
10 26
125 137
125 137
1 9
77 81
72 74
56 67
4 18
0 6
34 40
14 19
90 95
64 66
29 31
46 58
4 7
79 83
109 115
4 7
57 75
72 74
47 53
64 70
55 62
125 137
125 137
1 9
112 119
57 64
4 12
33 38
72 86
4 12
86 100
0 7
0 8
18 32
95 105
4 8
10 18
28 42
105 115
4 12
14 22
97 105
0 8
21 30
39 51
4 14
56 67
11 20
113 125
113 125
1 9
39 48
28 37
4 13
85 94
84 95
72 76
4 11
120 131
100 103
106 116
88 93
71 73
4 15
60 75
11 26
57 65
4 15
54 67
4 17
88 101
4 16
48 53
4 19
72 79
23 37
83 85
4 17
53 60
4 18
64 66
61 68
4 8
14 22
4 12
66 70
4 8
10 20
34 45
4 7
41 46
85 98
76 83
102 114
102 114
1 9
75 88
66 73
74 77
78 80
4 19
90 93
94 96
20 35
100 112
4 14
4 15
96 105
99 106
4 19
79 90
87 92
73 77
21 31
119 129
4 18
0 10
47 60
31 39
18 24
45 51
14 16
94 108
110 120
0 13
49 53
125 137
125 137
1 9
69 74
25 31
15 21
1 6
52 54
22 29
133 135
88 97
70 82
4 19
39 46
97 104
53 69
71 78
63 69
123 130
58 71
30 40
4 18
104 107
94 98
4 16
136 139
42 49
64 76
36 40
4 18
27 37
4 13
41 49
71 88
24 32
86 88
4 11
44 49
51 61
89 102
4 12
35 49
22 34
67 75
84 89
4 16
61 78
26 35
62 68
38 49
4 12
4 6
42 46
82 88
62 69
112 122
4 19
49 57
59 70
29 42
0 10
71 77
0 6
60 67
4 18
4 15
4 11
6 21
0 3
0 8
42 54
53 69
24 30
4 10
62 67
20 24
4 10
77 120
20 31
4 18
77 105
48 54
17 23
100 107
4 15
29 35
4 12
42 45
4 18
119 135
4 14
31 38
4 15
108 118
59 75
79 91
23 38
4 10
9 13
18 34
24 28
33 49
4 13
20 25
4 8
46 53
18 26
74 87
59 70
4 16
107 110
88 99
4 11
4 18
43 54
4 7
112 114
98 109
11 18
48 66
4 10
16 23
75 79
4 13
119 125
68 71
20 34
4 18
89 100
45 49
17 23
10 19
78 103
19 28
4 16
30 40
82 95
12 15
51 54
107 116
4 10
22 28
4 19
74 86
4 16
21 26
85 91
55 61
63 70
74 80
0 6
59 73
30 43
14 21
50 53
54 65
4 10
18 40
99 107
4 16
55 65
54 60
20 26
62 74
1 13
76 82
67 72
4 16
83 88
107 114
4 12
128 135
4 16
18 24
26 36
107 118
67 76
4 16
96 102
4 16
71 77
4 12
64 74
17 30
4 15
4 9
45 56
79 93
53 64
121 135
10 22
4 15
81 86
25 30
0 13
30 38
0 5
4 13
45 53
15 20
49 66
125 137
125 137
1 13
0 9
33 42
1 7
47 54
70 76
15 19
106 112
4 13
77 81
35 41
51 62
1 8
22 30
49 54
47 54
20 28
49 55
4 18
4 11
4 11
25 36
80 82
63 78
38 40
125 137
125 137
1 13
69 75
0 6
92 97
77 84
20 29
4 18
62 68
14 24
125 137
125 137
1 13
4 18
21 28
41 51
55 66
0 8
51 63
109 117
125 137
125 137
1 13
97 112
4 18
22 28
4 19
58 77
4 16
39 46
118 133
0 5
56 65
4 18
25 36
53 64
4 11
4 8
12 26
35 43
16 20
4 14
64 70
79 86
4 15
112 121
46 68
4 12
63 85
20 29
4 16
38 50
4 14
129 136
4 13
37 47
67 72
0 6
87 99
4 14
93 97
83 91
65 90
59 64
42 47
125 137
125 137
1 13
47 51
55 59
4 14
56 65
127 132
34 40
100 122
4 13
74 76
36 43
65 72
125 137
1 13
47 53
62 70
28 33
4 15
112 115
42 50
4 16
18 25
88 95
4 11
85 92
75 83
102 109
92 100
4 15
116 125
100 104
128 141
4 18
57 65
0 8
4 13
72 80
15 23
16 22
4 14
45 54
97 111
71 77
32 42
46 54
4 14
107 115
28 38
86 94
42 50
122 130
43 53
101 109
57 65
4 13
29 36
68 74
94 102
4 16
4 14
63 77
4 14
125 139
65 79
119 124
88 117
4 15
40 45
4 9
68 77
20 22
4 18
45 52
41 58
77 82
21 28
4 19
54 64
87 97
4 18
62 71
19 25
4 15
4 16
95 102
67 91
71 73
62 69
77 82
14 19
34 39
101 106
125 137
1 13
112 119
84 108
4 15
21 33
101 106
35 42
126 134
4 18
45 67
4 13
19 31
69 75
108 116
4 17
47 54
70 75
4 10
16 26
90 96
102 109
111 116
75 80
60 71
98 100
127 129
4 14
16 21
84 97
53 58
1 14
86 94
70 84
72 77
20 33
105 113
89 103
4 17
116 125
17 23
89 96
61 85
4 15
4 11
4 10
109 120
17 25
53 56
27 39
4 15
82 87
4 15
103 111
129 136
46 61
76 92
60 75
90 106
4 12
70 86
102 105
7 12
1 6
42 54
23 27
80 93
34 44
119 129
37 45
4 14
128 138
67 77
114 123
97 110
4 10
52 58
109 113
4 11
10 17
94 99
81 90
10 17
94 99
81 90
18 25
66 86
26 32
38 45
46 52
82 106
4 18
74 78
0 4
93 97
19 23
4 17
17 30
4 15
74 90
58 63
0 10
95 106
35 46
74 90
58 63
0 10
35 46
95 106
50 59
45 48
50 59
45 48
50 59
45 48
50 59
45 48
51 57
51 57
95 106
47 58
114 125
104 109
4 16
42 49
14 33
4 12
42 49
14 33
4 12
55 58
55 58
92 98
92 98
12 16
78 85
62 75
4 10
4 16
45 53
55 59
76 82
17 24
97 103
4 19
4 16
112 130
79 92
82 92
82 92
49 55
116 124
4 12
65 75
25 37
52 66
7 16
44 49
0 5
80 87
52 66
7 16
0 5
44 49
80 87
49 54
22 28
130 139
4 19
14 21
14 21
8 12
10 17
10 17
4 8
61 65
81 93
82 86
102 114
4 19
56 70
4 14
4 6
90 103
85 92
54 60
41 46
36 40
69 83
85 92
54 60
41 46
36 40
69 83
19 24
2 17
108 120
21 26
4 19
110 122
25 34
61 76
4 15
4 11
108 120
35 41
4 13
0 10
80 88
22 27
0 10
80 88
22 27
32 40
4 15
98 103
83 93
73 81
13 27
37 46
4 11
4 11
14 22
52 59
4 17
33 48
60 62
44 49
51 58
27 35
1 13
1 13
70 74
76 87
4 14
63 73
46 62
4 16
81 91
64 80
133 140
127 131
91 113
30 37
6 11
21 26
14 19
133 138
127 131
91 113
6 11
21 26
14 19
30 37
103 108
85 98
4 16
60 67
75 88
4 11
4 11
13 24
75 90
30 34
23 25
30 34
23 25
0 5
41 47
31 37
62 69
94 102
44 52
57 69
114 122
64 72
77 89
4 18
88 94
54 63
67 75
4 15
89 95
55 64
68 76
5 16
14 19
30 36
79 90
125 137
125 137
1 13
20 23
74 102
19 23
104 108
15 25
0 11
48 54
55 60
18 39
4 16
101 108
21 27
4 15
47 59
0 6
106 108
4 16
18 70
111 118
80 85
76 87
48 54
11 16
95 110
4 17
124 128
131 134
43 54
106 119
25 33
26 34
102 105
4 12
131 133
26 33
4 11
14 19
125 137
1 13
99 106
4 17
8 23
17 32
4 7
14 19
48 53
60 66
125 137
1 13
22 34
13 21
0 11
33 38
40 47
14 26
47 54
59 65
68 75
80 86
4 19
77 82
22 25
52 63
75 83
4 19
110 117
98 104
24 37
4 13
1 15
1 16
1 11
11 20
36 45
69 84
86 100
43 48
69 81
1 15
50 56
94 106
1 9
11 23
25 35
69 79
37 48
81 92
58 67
52 60
2 15
61 67
35 50
7 11
35 44
53 56
1 10
0 13
13 28
1 11
53 55
86 88
1 16
27 41
0 23
38 52
6 11
16 34
36 41
44 47
2 14
35 45
1 6
43 46
1 6
8 11
75 85
44 57
13 26
59 73
28 42
26 33
96 102
82 95
101 111
113 128
11 25
27 41
1 13
31 45
75 82
1 15
1 11
13 19
78 91
35 43
1 11
0 17
82 95
17 22
43 56
1 10
1 15
29 39
2 9
67 76
0 6
0 13
33 39
1 8
1 13
24 30
75 81
13 19
32 40
84 86
22 25
26 33
33 43
13 21
1 11
23 31
36 51
7 17
21 34
18 32
58 60
30 38
16 21
9 14
0 13
22 28
80 91
51 61
63 78
28 40
0 5
20 26
33 36
10 16
24 37
38 46
30 59
30 43
62 77
47 60
82 87
1 6
94 99
25 37
88 90
33 38
33 38
1 11
13 25
1 13
15 17
22 32
28 42
44 57
24 36
0 14
28 37
1 7
9 20
1 13
19 28
53 63
1 15
57 70
15 25
75 78
38 49
0 3
8 13
11 18
29 36
1 12
114 123
79 94
57 63
1 12
0 5
1 12
68 74
11 20
1 10
14 29
1 12
19 26
0 7
40 49
16 22
1 16
18 29
1 12
14 29
14 29
1 12
83 97
52 70
12 26
14 29
1 12
13 22
1 16
18 29
21 30
73 89
91 115
11 28
92 97
75 84
1 12
1 12
61 74
33 42
1 7
1 16
76 82
18 29
39 48
24 38
35 42
27 33
3 16
27 35
46 53
37 43
119 122
1 11
63 75
2 14
1 8
1 15
84 90
29 35
1 13
132 139
44 56
36 48
77 89
2 14
66 70
91 99
15 30
1 9
1 11
36 49
3 14
52 69
116 126
22 26
1 12
53 62
46 50
0 5
0 4
1 13
87 101
70 84
37 44
87 96
71 86
81 88
47 53
36 42
0 5
9 17
77 83
53 59
38 44
17 31
1 15
22 31
131 138
91 96
13 24
36 42
25 31
1 12
14 20
53 59
25 30
1 16
3 11
38 41
1 12
2 12
11 18
1 9
79 90
117 125
0 4
9 14
53 59
1 12
31 45
102 116
118 132
44 55
122 136
13 26
2 11
1 9
82 88
1 11
13 21
63 69
47 51
53 57
1 8
46 55
11 15
1 10
1 16
132 135
15 29
1 13
29 37
10 25
26 36
38 48
2 14
17 24
11 21
1 9
49 57
1 14
1 10
40 47
47 59
31 42
1 10
109 122
2 6
1 11
57 61
1 11
1 11
2 8
74 78
99 113
80 85
42 50
1 12
25 32
8 23
1 8
1 13
73 83
31 38
8 14
52 64
0 13
1 12
2 11
1 9
90 100
74 81
1 10
44 51
5 16
1 3
58 70
72 85
83 98
70 82
16 30
1 15
11 25
1 10
64 76
9 19
1 7
37 41
1 11
76 83
1 16
61 64
1 14
1 11
31 36
1 14
16 24
1 11
49 52
135 139
1 7
8 19
75 82
1 7
80 91
1 10
51 62
2 10
112 120
98 110
0 14
27 37
56 60
11 25
1 9
106 111
51 53
89 104
34 38
16 24
17 26
85 94
1 18
1 7
72 78
38 51
53 65
12 16
5 11
88 95
2 12
15 23
85 100
75 83
1 15
23 28
54 59
2 14
18 29
100 106
1 12
50 63
15 21
1 14
57 68
2 14
71 82
19 32
1 13
13 21
63 71
2 11
1 14
70 80
86 101
42 46
21 36
31 42
18 29
1 16
17 22
32 44
19 36
21 29
1 7
17 24
1 15
4 17
32 35
2 11
74 82
2 16
0 11
9 19
70 77
27 41
42 48
76 90
15 22
24 30
1 12
1 15
2 13
1 16
35 44
18 33
42 54
16 26
1 14
28 40
1 8
29 41
99 107
23 27
12 21
1 10
42 51
30 41
53 67
8 13
10 15
81 88
29 44
1 11
13 27
1 14
8 12
17 22
45 53
94 98
1 13
15 21
81 93
48 56
1 13
102 105
36 46
58 68
23 34
70 79
11 14
8 14
34 36
113 119
1 15
2 11
1 13
29 33
1 12
2 15
2 15
83 96
60 70
2 12
62 67
63 67
1 7
9 21
53 59
14 20
1 13
1 12
8 15
0 7
1 7
39 48
54 59
1 11
60 63
1 11
1 11
1 11
29 36
2 14
114 128
1 12
1 14
1 11
61 69
32 37
81 88
60 66
39 47
68 81
13 25
27 37
1 11
83 96
49 58
25 32
45 50
60 64
5 12
76 78
1 15
25 33
36 44
2 8
26 34
1 14
16 22
2 17
20 28
1 16
23 38
61 63
6 21
1 4
1 14
59 71
73 75
0 9
22 35
37 39
7 18
2 10
122 125
23 26
49 64
20 30
34 47
23 35
21 29
89 91
38 44
0 11
12 25
1 10
1 10
12 26
16 30
21 24
99 104
17 28
30 39
1 16
93 101
72 81
46 54
15 26
1 13
88 96
40 43
1 7
9 23
25 35
78 95
53 68
13 26
38 51
1 9
11 19
17 25
1 15
27 38
1 8
27 37
10 25
15 23
25 39
1 13
38 51
18 25
27 37
1 16
41 47
1 7
43 50
91 99
1 14
36 47
1 9
11 23
38 52
25 36
1 9
28 40
11 26
1 9
28 40
11 26
39 54
56 64
2 15
1 9
28 40
11 26
2 12
1 9
28 40
11 26
0 7
1 12
38 41
1 13
27 36
15 25
116 125
38 41
1 13
27 36
15 25
38 41
13 25
27 36
1 11
38 41
13 25
27 36
1 11
1 11
47 50
1 11
2 9
85 100
75 83
2 17
62 73
51 57
1 13
15 22
19 26
1 6
8 17
65 68
1 10
12 26
69 72
1 10
12 26
112 125
8 18
29 44
88 99
11 23
1 9
4 10
57 62
20 30
34 41
31 44
35 38
1 15
36 45
7 13
50 61
42 48
35 40
1 12
1 16
1 16
32 42
18 30
1 16
115 125
86 93
18 25
1 16
26 33
25 34
19 26
100 109
111 118
91 98
47 54
1 11
1 16
89 95
1 10
26 45
9 16
61 68
1 15
17 25
57 68
1 14
62 69
1 15
39 47
1 11
13 26
0 12
13 31
35 42
1 10
14 26
71 78
57 65
1 12
14 22
1 10
90 96
2 10
23 27
97 110
1 14
89 93
123 127
1 15
4 10
27 40
2 13
1 12
1 11
16 26
1 15
29 43
2 11
109 113
1 15
1 15
1 15
1 15
1 10
4 15
2 17
1 16
14 29
3 16
109 121
1 13
62 73
0 5
131 136
19 28
2 17
15 24
76 82
97 102
51 58
18 25
2 16
23 34
11 21
1 9
18 25
40 49
43 52
41 52
17 24
44 51
1 16
18 31
22 33
7 16
1 15
79 94
56 77
40 52
19 22
2 15
0 7
1 15
40 47
128 134
1 13
17 37
12 23
67 82
10 16
0 5
1 8
14 17
19 25
23 28
1 12
27 32
1 10
1 13
1 10
68 83
55 66
24 31
96 102
43 55
28 41
1 11
13 26
96 100
89 98
21 30
1 15
0 6
87 93
50 62
40 48
26 38
14 24
75 85
100 107
1 12
64 73
0 6
75 80
124 131
1 12
6 9
23 26
97 104
67 70
17 27
1 15
1 12
47 52
34 42
56 72
45 47
20 24
1 12
1 14
61 71
14 23
1 13
14 23
1 12
65 80
0 12
46 52
14 26
56 69
1 9
19 26
1 9
58 61
110 123
15 21
13 22
51 60
39 44
15 26
1 13
48 56
1 10
45 54
90 105
58 68
1 10
12 26
22 29
41 50
14 23
1 12
10 47
13 24
61 63
1 15
32 41
17 30
1 15
32 41
17 30
1 15
32 41
17 30
1 15
32 41
17 30
1 15
32 41
17 30
1 15
32 41
17 30
1 11
1 14
1 11
7 15
101 112
47 51
65 69
94 96
23 28
19 22
1 8
1 11
1 11
1 8
1 11
89 102
111 120
68 73
1 8
1 15
95 97
1 13
1 8
20 29
117 129
50 65
83 98
100 115
67 81
1 8
0 10
49 60
1 8
29 42
9 19
2 14
18 27
116 120
51 54
28 42
79 93
95 105
70 84
86 96
31 44
37 44
1 8
1 13
70 77
39 54
24 37
7 20
14 35
0 11
62 68
3 5
81 89
47 54
15 26
43 55
19 29
111 124
60 76
90 101
28 42
56 65
31 43
0 5
11 20
1 14
16 30
42 46
1 14
16 30
1 15
17 27
111 125
98 109
1 11
46 83
1 11
13 23
38 53
23 36
8 19
77 96
32 45
1 8
26 34
1 11
13 24
8 21
40 55
25 38
68 76
17 30
2 15
15 28
13 23
1 11
18 22
2 12
70 78
58 64
125 129
22 26
39 52
14 24
2 11
26 39
7 22
41 43
1 15
16 24
0 7
40 53
22 36
28 34
12 15
46 61
30 38
5 19
1 11
36 39
74 87
90 103
7 14
1 13
37 44
0 5
8 15
7 13
49 59
12 17
49 55
39 46
21 28
55 61
16 22
2 9
7 16
66 79
62 64
21 58
1 16
25 36
1 8
44 50
1 14
1 16
15 20
0 11
1 16
11 22
1 9
24 34
12 23
1 10
89 100
65 76
78 87
102 114
6 15
23 28
56 66
2 17
1 15
113 123
16 22
90 98
13 27
63 69
1 11
0 5
10 16
21 31
100 113
1 13
15 26
9 16
43 46
20 26
1 12
14 24
30 43
14 19
76 84
1 13
50 57
1 13
102 108
60 72
1 9
87 100
23 35
11 21
48 58
74 85
37 46
37 49
23 35
51 57
17 26
22 29
56 67
0 13
86 98
70 84
133 136
1 11
32 37
8 16
1 15
63 74
1 15
1 15
17 25
72 78
1 15
27 35
17 25
1 16
18 28
1 5
7 19
32 42
16 26
1 14
1 10
1 10
1 7
29 37
52 61
1 15
31 35
111 122
1 10
136 139
0 7
17 26
5 12
24 31
35 45
13 23
1 11
94 102
1 15
13 27
1 11
13 27
1 11
18 32
1 16
18 32
1 16
18 32
1 16
66 71
26 37
4 15
75 85
0 8
11 23
19 27
63 69
74 83
1 13
15 29
40 43
1 16
18 30
28 39
13 17
1 13
70 80
2 10
82 95
31 40
50 60
7 13
18 32
2 15
63 74
12 27
1 10
0 9
49 59
20 30
13 23
4 15
72 79
0 21
1 15
0 8
0 4
12 20
19 35
1 14
53 68
0 7
43 50
14 25
85 93
100 107
24 31
13 27
14 17
19 30
1 12
1 12
63 73
75 84
0 9
33 46
1 11
1 13
65 80
26 37
1 11
52 63
39 50
13 24
68 73
59 63
75 81
20 29
0 5
37 53
75 86
68 83
5 17
1 13
87 94
130 136
38 49
1 13
12 21
19 25
54 64
45 51
14 26
1 12
79 84
18 30
32 47
1 16
39 54
26 37
10 24
56 63
1 8
18 30
32 47
1 16
1 11
13 22
1 11
1 11
1 11
1 11
46 51
26 38
13 24
11 23
95 104
95 104
71 80
65 70
1 12
57 59
39 41
25 36
90 98
20 25
1 16
19 25
48 56
1 15
1 9
89 101
1 15
33 37
60 68
22 30
13 21
2 10
31 39
1 14
20 30
37 46
49 58
59 61
11 24
7 20
48 61
1 15
14 29
56 67
31 41
1 12
69 80
43 54
50 63
15 26
41 48
28 39
1 13
33 51
55 76
131 137
3 7
46 51
2 12
15 23
1 15
0 19
35 54
11 23
27 40
131 140
96 98
1 16
37 43
16 23
14 25
62 77
20 25
1 10
93 99
1 16
102 111
52 54
1 11
19 23
4 16
51 56
1 10
80 89
1 9
131 139
14 19
27 36
1 9
11 24
26 36
1 10
0 12
2 15
0 13
1 13
1 16
49 58
1 13
20 31
128 138
34 40
53 59
2 9
85 95
56 63
75 82
1 15
1 11
7 12
0 4
1 8
41 48
31 43
41 47
1 11
6 18
68 80
32 40
16 28
71 83
13 17
68 72
127 130
1 11
13 21
9 21
9 17
93 97
1 10
9 17
0 9
64 79
81 94
1 12
14 24
31 35
18 30
1 13
58 69
60 65
17 24
26 37
2 15
1 11
0 4
1 10
2 15
18 32
34 41
103 114
61 63
1 12
1 10
40 53
54 56
8 21
22 24
11 24
25 27
1 11
45 58
64 77
2 15
9 21
61 76
30 42
81 96
59 69
71 79
98 112
46 57
67 76
21 30
1 15
17 30
32 42
63 67
1 12
28 38
14 26
23 26
5 19
48 56
124 132
2 17
116 128
22 31
18 26
0 5
0 8
0 5
0 11
31 39
0 11
24 32
0 7
0 4
22 28
0 6
15 23
0 6
46 59
1 12
1 15
86 99
69 82
70 81
26 35
36 38
44 59
59 70
25 29
74 87
86 97
24 33
34 44
100 110
88 98
1 15
77 82
1 10
62 67
28 34
48 60
44 46
67 78
88 95
12 22
12 21
107 112
23 33
1 10
1 9
11 19
82 87
51 63
65 80
26 38
2 11
6 18
5 17
1 12
61 75
49 57
7 13
47 53
7 15
62 65
8 16
22 27
1 13
50 58
74 83
94 97
36 44
1 14
84 90
101 112
27 34
16 25
16 27
19 23
28 32
88 98
76 86
95 100
13 24
113 120
12 22
55 70
7 11
71 78
12 16
57 70
28 33
47 56
1 7
12 26
1 10
119 134
0 5
14 24
0 8
17 27
0 8
15 25
0 8
41 51
27 37
1 8
63 73
88 93
35 50
20 33
8 16
22 27
14 20
2 12
78 91
20 33
69 75
28 40
9 19
68 73
58 64
1 13
75 77
17 24
1 15
1 15
1 10
1 9
25 27
1 13
1 11
1 6
58 71
48 54
54 66
36 41
0 10
37 48
23 34
23 38
132 137
0 15
5 9
27 34
1 8
10 25
79 89
27 41
13 21
103 114
116 121
1 12
4 13
1 9
53 62
1 16
0 11
47 50
3 8
21 36
100 107
1 7
9 21
1 11
12 21
1 10
100 106
1 12
36 45
105 113
34 39
1 7
2 9
70 75
54 66
27 33
1 8
10 19
22 27
1 10
15 25
29 42
1 14
40 43
1 15
31 43
43 50
57 70
108 110
94 102
1 14
4 15
1 9
22 30
38 48
0 11
7 18
26 35
38 52
22 24
54 67
2 12
38 47
81 91
66 79
0 12
1 15
99 109
67 81
0 12
77 87
55 64
15 29
1 14
59 78
19 24
9 15
121 134
0 8
10 16
65 73
116 129
2 11
50 63
61 75
2 12
49 59
34 47
16 26
87 102
38 47
24 33
119 122
54 63
44 52
1 9
28 38
1 10
50 53
27 39
15 25
1 13
59 67
1 13
15 27
1 13
15 27
29 41
98 104
34 40
2 13
16 22
42 59
53 68
17 27
30 59
1 15
40 47
133 140
112 127
98 106
2 13
48 53
22 35
11 16
84 99
74 82
2 13
114 128
101 112
46 61
31 44
21 27
7 17
2 11
1 12
88 102
72 82
61 70
26 39
52 64
21 45
66 76
78 85
35 50
0 5
9 15
67 71
18 26
22 37
39 44
99 106
20 27
0 6
58 65
0 8
3 10
58 62
16 31
48 52
24 34
36 47
12 22
1 10
53 66
0 13
28 34
86 94
2 15
70 85
96 109
17 29
1 15
52 61
18 29
46 49
2 13
65 75
52 64
27 37
0 12
39 48
14 21
0 7
58 68
71 84
18 30
44 57
36 41
18 26
1 16
24 35
1 10
38 40
85 95
71 84
13 20
6 11
22 27
1 13
13 20
22 27
70 79
90 105
54 71
75 88
32 50
21 27
7 17
39 49
52 65
25 38
8 22
2 15
53 63
66 79
39 52
17 24
0 6
29 36
0 6
13 26
0 6
7 13
15 23
0 4
17 26
11 20
55 65
16 36
67 74
92 95
5 12
0 4
53 60
62 75
36 51
77 82
41 61
65 78
0 8
90 105
54 71
75 88
32 50
21 27
7 17
33 46
0 2
1 9
18 28
55 62
80 84
64 79
28 37
1 16
18 26
39 53
88 98
126 140
100 110
71 75
56 62
64 69
17 25
112 124
50 65
87 97
25 38
10 23
31 40
21 36
1 10
12 19
1 11
17 23
1 15
17 24
1 15
17 24
16 40
37 42
9 16
64 69
74 80
50 63
33 48
100 115
75 87
15 23
36 49
1 13
98 101
51 61
63 73
25 34
69 78
88 94
15 29
1 13
15 29
1 13
0 8
11 18
21 28
42 44
48 61
1 14
18 30
45 57
59 74
32 43
1 8
70 72
98 103
10 23
34 44
22 29
82 87
60 72
44 57
9 19
1 5
30 38
15 26
7 13
15 30
1 13
32 46
38 46
0 5
48 56
58 70
1 9
24 37
1 21
69 71
10 16
27 41
1 11
13 25
53 68
72 85
1 16
42 55
43 49
1 11
13 25
71 81
84 97
57 70
50 54
1 10
59 72
51 56
18 27
46 61
1 13
35 48
1 11
1 16
53 66
1 11
68 77
43 56
76 89
63 73
57 61
17 30
39 55
7 16
21 33
41 54
37 39
17 26
69 80
53 68
32 46
42 57
59 64
14 27
13 28
19 31
35 48
77 83
25 37
53 66
47 52
65 71
54 63
81 88
16 29
43 47
50 56
1 14
108 127
54 60
95 100
77 79
61 64
1 14
81 92
108 118
2 14
74 82
17 24
9 23
13 25
118 121
88 98
74 87
66 71
30 35
58 66
29 35
52 66
26 30
29 44
0 4
21 27
16 30
1 14
18 28
30 45
1 16
36 45
19 28
34 43
0 29
74 86
126 131
13 22
1 11
77 81
1 10
34 43
97 101
1 14
8 16
1 11
58 63
1 11
2 15
17 28
71 80
55 62
23 28
1 14
18 29
5 12
1 12
39 43
16 30
1 14
32 37
9 19
24 37
23 32
15 30
19 27
47 54
1 13
16 23
1 14
1 8
11 26
1 9
11 26
1 9
96 101
19 25
1 13
13 18
1 13
15 28
5 18
87 99
15 26
1 15
1 13
1 15
26 32
13 25
1 11
25 29
2 17
0 6
19 29
1 13
120 124
62 76
82 91
29 44
47 52
15 25
1 13
27 40
124 132
1 8
60 62
10 15
69 80
43 50
12 15
12 15
12 15
113 123
47 62
4 18
16 23
85 94
46 55
37 41
108 116
64 82
63 76
1 10
1 12
14 20
1 12
86 95
0 2
15 23
1 13
1 14
30 38
16 28
69 79
82 95
55 68
59 68
15 23
1 13
14 23
1 12
59 63
1 12
14 23
18 31
1 16
8 21
48 57
59 74
88 100
114 125
41 44
127 140
102 112
18 22
29 40
13 20
1 11
1 14
137 140
78 80
17 28
1 11
127 137
84 87
57 72
39 41
47 55
2 15
1 14
16 24
107 110
17 22
92 95
2 15
120 127
1 7
79 90
83 91
2 17
102 110
2 9
13 28
111 115
7 17
12 27
52 59
13 20
36 40
130 136
124 127
1 9
32 44
30 34
1 12
14 26
0 9
13 26
29 58
74 86
1 12
57 70
18 29
1 16
41 49
17 28
1 15
2 13
38 47
1 14
0 7
56 63
31 38
74 81
59 72
42 57
25 37
2 17
44 56
79 88
64 70
1 15
120 128
45 53
24 38
11 23
2 8
48 59
79 82
13 27
112 116
1 11
27 34
123 127
51 61
64 77
25 34
37 50
9 14
12 18
1 11
33 46
1 14
74 83
1 11
82 94
7 24
18 27
4 17
1 10
67 73
1 13
74 87
88 96
1 11
14 21
2 13
44 50
1 14
73 78
1 14
44 58
1 14
1 11
26 36
13 24
1 16
28 35
37 52
54 67
69 71
50 64
66 81
85 99
61 63
36 44
49 58
30 45
14 22
36 46
34 42
1 11
53 59
21 30
1 6
16 23
30 38
80 89
1 10
4 13
35 49
59 70
63 76
52 76
1 15
17 31
69 78
63 71
0 7
48 51
1 14
0 6
37 43
1 13
3 14
0 13
88 117
37 54
74 81
20 27
29 37
135 140
40 47
63 76
117 128
19 21
40 50
64 70
87 114
65 86
72 84
57 66
40 47
0 4
52 56
15 24
31 33
14 16
10 19
56 65
15 17
20 31
0 31
55 60
48 59
104 114
40 46
16 23
102 104
85 88
25 29
121 127
40 43
32 39
46 55
26 35
0 5
30 49
10 13
14 17
0 6
11 18
58 67
11 27
0 7
54 64
22 35
80 85
0 7
79 100
90 103
7 26
52 60
70 75
20 26
39 45
89 96
0 13
24 28
76 83
58 61
41 48
90 97
23 31
0 2
38 51
53 61
44 56
109 128
112 131