1 104
1 104
1 104
0 118
1 115
1 117
1 115
1 115
1 115
1 115
1 115
1 128
1 128
1 128
1 128
1 128
1 96
1 96
1 98
1 98
1 79
1 79
1 119
1 109
1 103
0 103
1 103
1 86
1 86
1 139
1 139
1 139
1 139
1 139
1 139
1 139
1 130
1 130
1 126
1 126
1 126
1 126
1 126
1 134
1 134
1 134
1 134
1 137
1 50
1 50
0 140
1 140
0 140
1 140
1 140
1 136
1 136
1 136
1 137
1 137
1 137
1 137
1 137
1 138
1 138
1 83
1 83
0 83
1 135
1 135
1 135
1 135
1 140
1 140
1 140
1 119
1 119
0 119
1 51
1 51
1 138
1 138
1 138
1 138
1 78
0 78
1 114
1 114
1 114
1 137
1 137
1 137
1 115
1 115
0 136
0 136
1 129
1 132
1 132
0 132
1 110
1 110
1 110
1 72
1 120
1 120
1 120
1 120
1 120
1 120
1 101
1 101
0 101
1 101
1 114
1 139
1 128
1 128
1 128
1 99
1 99
1 99
1 99
1 109
1 103
1 103
1 61
1 129
1 129
1 125
0 125
1 92
1 92
1 92
0 92
1 81
1 81
1 135
1 135
0 135
0 135
0 135
1 137
1 137
0 137
1 124
1 124
1 136
1 136
1 136
1 136
1 136
1 58
1 106
1 106
1 115
1 115
1 115
1 104
1 104
0 104
1 73
1 73
1 94
1 94
1 94
1 123
1 123
1 123
1 118
1 118
0 118
1 105
1 139
1 139
1 139
1 139
1 139
1 117
0 117
1 120
0 120
0 120
1 43
1 124
1 124
0 124
1 114
1 114
1 114
1 139
1 139
1 139
1 97
1 97
1 97
1 97
1 97
0 101
0 101
0 101
1 116
0 116
1 115
1 115
1 115
1 105
1 105
1 105
1 105
1 115
1 115
1 115
1 118
1 118
1 115
1 115
1 115
1 115
1 104
1 104
1 104
1 104
1 119
1 119
1 119
1 115
1 115
1 115
1 115
1 115
1 115
1 115
1 115
1 130
1 130
1 117
0 117
1 63
1 110
1 121
1 62
1 62
1 86
1 86
1 101
1 93
1 57
0 57
1 131
1 131
0 138
0 97
1 97
1 94
1 94
1 100
1 64
1 107
0 69
1 89
1 126
1 126
1 126
1 126
1 126
1 135
1 135
1 140
0 140
1 91
1 91
1 104
0 104
1 104
1 130
1 130
1 130
0 58
1 77
1 77
1 125
1 125
1 125
1 125
1 138
1 138
1 138
0 136
1 109
0 109
1 112
1 112
1 112
0 112
1 113
1 113
1 113
1 113
1 125
1 125
0 125
1 120
1 120
1 100
1 100
0 100
1 135
1 86
1 103
1 103
1 32
0 32
1 112
1 112
1 112
1 133
1 90
1 90
1 90
1 90
1 135
1 135
1 135
1 135
1 135
0 135
1 93
1 93
1 93
1 86
1 86
1 67
1 124
1 124
1 59
1 59
1 124
1 124
1 124
1 124
1 109
1 109
1 109
1 98
1 102
1 102
1 123
1 63
1 63
1 63
1 133
1 118
1 118
0 118
0 118
1 138
1 138
1 138
1 138
1 138
1 138
1 138
1 138
1 138
1 138
1 140
1 140
1 140
0 140
1 106
1 106
1 115
1 71
1 126
1 85
1 85
1 124
1 132
1 132
1 132
0 132
1 135
1 135
1 121
1 121
1 108
1 119
1 119
1 119
1 115
0 115
1 63
1 63
1 115
1 115
1 109
1 109
1 109
1 88
1 88
1 88
1 128
0 128
1 83
1 83
1 83
1 131
1 131
1 131
1 131
1 131
0 131
1 137
0 137
1 115
1 54
1 56
1 56
1 56
1 81
1 81
1 53
1 136
1 136
1 115
1 115
1 115
1 108
1 108
1 97
1 97
1 63
1 63
1 63
1 115
0 115
1 121
1 121
1 139
1 139
1 109
1 115
1 106
1 106
1 106
0 106
1 138
0 138
0 138
1 139
1 139
1 139
1 139
1 139
1 139
1 99
0 95
1 115
1 115
1 115
1 115
1 115
1 115
1 115
0 115
1 66
0 66
1 132
1 132
1 132
1 132
1 132
1 100
1 100
1 63
1 63
1 139
0 139
1 69
1 69
1 69
1 69
1 69
1 69
1 69
0 49
1 49
1 49
1 115
1 115
1 115
1 137
1 137
1 132
1 132
0 132
0 132
1 117
1 117
1 111
1 111
1 115
1 115
1 115
1 115
1 115
1 115
1 115
1 115
1 115
1 115
1 116
1 116
1 115
1 115
1 67
0 67
1 108
1 108
0 108
1 78
1 78
1 78
0 78
1 115
1 115
1 139
1 61
1 61
1 61
1 45
1 45
1 135
1 135
1 134
0 134
1 134
0 134
0 134
1 138
1 138
1 138
1 103
1 103
1 103
1 77
1 77
1 113
1 113
0 113
1 114
1 114
1 115
1 129
1 129
1 129
1 119
1 119
0 119
1 109
0 109
1 111
1 111
1 117
1 117
1 117
1 115
1 115
1 115
1 115
1 86
1 86
1 114
0 114
1 114
1 132
1 132
1 132
1 132
1 132
1 132
1 132
1 132
1 116
1 116
1 116
1 116
1 101
1 101
1 101
1 112
0 112
1 89
1 89
0 89
0 89
1 140
1 140
1 140
1 140
1 123
1 123
1 123
1 71
1 41
1 102
1 90
1 90
1 111
1 111
1 99
1 99
1 112
1 115
1 115
1 117
1 138
1 138
0 138
1 135
1 135
1 135
0 135
1 113
1 113
1 113
1 113
1 56
1 56
1 114
1 88
0 88
1 93
1 93
1 100
1 100
1 100
1 100
1 114
1 107
1 107
1 107
1 119
1 119
1 119
0 119
1 136
1 136
1 136
1 136
1 105
1 115
1 115
1 115
1 115
1 103
1 139
1 111
1 111
1 111
0 115
1 123
1 115
1 115
1 138
1 138
1 138
1 138
1 100
1 100
1 100
1 100
1 116
1 115
1 115
1 115
1 93
1 93
1 93
1 112
1 112
1 101
1 101
1 101
0 45
1 45
1 45
1 115
1 115
1 52
1 52
1 116
1 116
1 115
0 115
1 120
1 115
1 115
1 78
1 78
1 76
1 76
1 117
1 117
1 117
0 117
1 57
1 131
1 131
1 131
1 131
1 131
1 139
1 139
1 132
1 132
1 107
1 107
1 107
1 137
1 137
1 135
1 135
1 134
1 134
1 134
1 93
1 93
1 122
0 122
1 113
1 81
1 81
0 81
1 89
1 89
1 89
1 86
1 99
1 99
1 137
1 112
1 112
1 96
1 57
1 57
1 74
1 74
1 96
1 96
0 96
1 120
1 136
1 136
1 136
1 136
1 108
1 108
1 108
1 108
1 108
1 90
1 90
1 119
1 93
0 93
0 93
1 135
1 109
1 109
1 109
1 68
1 68
1 111
1 103
1 111
1 76
1 76
1 110
1 110
1 110
1 139
1 139
1 139
1 139
0 139
0 139
1 117
1 132
1 132
1 140
1 140
1 140
0 140
1 104
1 104
1 104
1 51
1 96
1 96
1 96
1 96
1 44
1 44
1 65
1 65
1 33
1 89
1 32
1 32
1 98
1 117
0 117
1 115
1 115
1 115
1 114
1 114
1 114
1 140
1 140
1 140
1 140
1 140
0 140
1 57
1 57
1 135
0 135
1 115
1 115
1 115
1 115
1 55
1 127
1 127
1 119
1 119
0 119
1 134
1 134
1 119
1 119
1 127
0 127
1 113
1 113
1 113
1 76
1 76
1 76
1 76
0 76
1 71
1 71
1 67
1 67
0 76
1 59
1 59
1 64
1 103
1 113
1 101
1 62
1 102
1 139
1 122
1 115
1 109
1 112
1 112
0 112
0 123
1 136
1 136
1 78
1 88
1 88
0 45
1 68
1 139
1 139
1 64
1 72
0 29
1 120
1 22
1 104
0 116
1 43
1 43
1 140
1 135
1 135
1 135
1 92
1 92
1 92
1 72
0 72
1 72
1 131
1 131
1 140
1 133
1 138
1 138
0 138
1 126
1 126
1 45
1 125
1 125
1 125
1 139
1 139
1 138
1 115
1 85
1 85
1 110
1 112
1 77
1 77
1 101
1 123
1 123
1 123
1 90
0 97
1 97
1 57
1 140
1 55
1 138
1 136
1 136
1 136
1 122
1 103
1 135
1 135
1 135
1 112
1 129
1 74
1 74
1 74
1 74
1 74
1 92
1 92
1 134
1 103
0 138
1 102
1 102
1 102
1 102
1 102
1 127
1 127
1 121
1 121
1 108
1 108
1 36
1 138
1 81
0 81
1 88
0 109
1 104
1 140
1 104
0 104
1 81
1 81
1 115
1 115
1 115
1 115
1 80
1 80
1 110
1 73
1 109
0 109
1 93
1 140
1 85
1 123
1 123
1 123
0 45
1 31
0 31
1 54
0 54
0 140
1 115
1 115
1 136
0 105
1 105
1 85
1 128
1 128
1 70
1 115
1 115
1 115
1 115
1 115
1 115
1 53
1 56
1 56
0 63
1 89
1 89
1 89
1 89
1 107
1 51
1 44
1 138
1 74
1 74
1 74
1 74
1 94
1 87
1 87
1 71
1 71
1 131
1 75
1 75
1 75
1 98
1 98
0 126
1 126
1 42
0 120
1 120
1 125
1 45
1 118
1 98
1 56
1 117
1 55
1 55
1 97
1 128
1 128
0 128
0 111
1 96
1 85
1 110
1 122
1 122
1 110
1 110
1 116
1 94
1 136
1 136
1 99
0 137
0 137
1 69
1 110
1 110
0 110
0 139
1 65
1 84
1 84
1 115
1 115
1 101
1 94
1 133
1 38
1 114
1 115
1 60
1 60
1 103
1 103
1 111
1 86
1 134
1 134
1 122
0 59
1 97
1 52
1 55
1 80
1 80
1 135
1 96
1 71
1 71
1 71
1 45
1 45
1 89
0 89
1 87
1 87
1 87
1 87
1 87
1 87
1 107
0 107
1 52
1 41
1 122
1 122
0 122
1 80
1 97
1 97
1 141
1 130
1 109
1 109
1 109
1 92
1 94
1 66
1 118
1 122
1 32
1 37
0 104
0 91
1 122
1 122
1 100
0 47
1 43
1 91
0 91
1 91
1 81
1 81
1 81
0 81
0 107
0 107
1 43
1 43
1 84
1 84
1 84
0 31
1 56
1 127
1 127
1 77
1 77
0 135
1 104
1 133
1 133
1 133
1 89
0 89
0 55
1 55
1 53
1 95
1 67
1 75
0 70
1 115
1 138
1 137
1 137
1 33
1 58
1 115
1 115
1 65
1 88
1 85
1 106
1 93
1 133
1 133
1 133
1 136
1 136
0 62
1 108
1 108
1 120
1 113
1 60
1 74
0 74
0 137
1 96
1 116
1 133
0 133
0 133
1 111
1 94
1 94
1 94
1 68
1 110
1 133
1 134
0 134
1 68
0 68
1 120
1 120
1 118
1 118
1 48
1 132
1 79
1 79
1 132
1 73
0 78
1 111
1 111
1 92
1 123
1 123
1 106
1 113
1 120
1 120
1 120
1 120
1 132
1 43
1 123
1 100
0 131
1 83
1 117
1 117
1 117
1 104
1 104
1 106
1 106
1 115
1 101
1 139
1 106
0 106
1 127
1 140
1 60
1 60
1 132
1 100
1 43
0 96
0 96
1 113
0 113
1 102
0 74
0 86
1 115
1 115
1 115
1 115
1 94
1 81
0 117
1 102
1 140
1 128
1 128
1 56
1 133
0 133
1 87
0 139
1 139
0 140
0 140
1 87
1 138
1 138
1 114
1 114
1 114
0 114
1 139
1 139
1 135
1 135
1 63
1 139
1 97
1 97
1 101
1 101
0 67
1 100
1 114
1 114
1 114
1 114
1 76
1 76
1 94
1 117
1 117
1 117
1 117
1 87
1 117
1 78
0 78
1 70
1 75
1 140
1 140
0 31
1 105
1 105
1 75
1 69
1 69
1 137
1 137
1 137
1 137
1 137
1 137
1 137
1 38
0 34
1 75
1 82
1 82
1 64
0 94
1 64
1 64
1 115
1 114
1 114
1 114
1 114
1 138
1 138
0 136
0 136
1 96
1 96
1 96
0 42
1 61
1 80
1 68
1 83
1 83
1 105
1 104
1 49
1 138
1 115
1 115
1 115
1 71
0 71
1 106
1 65
1 65
1 75
1 43
0 98
1 138
1 101
1 138
1 138
1 89
1 126
0 126
1 52
1 108
1 115
1 126
1 126
0 56
1 78
1 111
1 111
1 96
1 71
1 140
1 140
1 63
1 38
1 66
0 101
1 139
1 139
1 139
1 45
1 115
1 115
1 115
1 115
1 138
1 138
1 90
1 90
1 90
1 101
1 63
1 101
1 101
1 134
1 140
1 140
1 74
1 74
1 74
1 64
1 110
1 110
1 102
1 102
1 70
1 62
1 132
1 117
1 42
1 98
1 98
1 123
0 96
0 96
1 75
1 76
1 76
1 116
1 127
1 105
1 105
1 77
1 90
0 48
1 96
1 96
1 115
0 118
0 118
1 95
0 140
0 140
1 105
1 135
1 135
1 91
1 91
1 69
1 69
1 118
1 118
1 64
1 61
1 61
1 136
1 107
1 107
1 134
1 118
1 118
1 78
1 78
1 109
1 130
1 130
1 46
1 106
0 132
1 79
1 114
1 133
1 133
1 102
1 106
1 106
1 106
1 111
0 111
0 111
0 57
1 46
1 90
1 137
1 140
1 140
1 140
1 79
1 90
1 134
1 131
1 131
1 140
1 140
1 130
0 110
1 22
1 115
1 115
1 140
1 55
1 55
1 55
1 84
1 50
1 50
1 132
1 114
0 39
1 90
1 90
0 90
1 136
1 136
0 91
0 91
1 52
1 52
1 52
1 98
1 98
1 98
1 128
0 128
1 136
0 136
1 134
1 137
1 124
1 124
0 124
1 44
1 36
1 77
1 99
1 140
1 86
1 114
1 114
1 114
0 140
1 129
1 129
1 129
1 86
1 110
1 117
1 81
1 35
1 129
0 129
1 108
1 108
1 108
1 50
1 91
0 91
1 66
1 87
1 84
1 136
1 136
1 136
1 63
1 66
0 110
1 78
1 110
1 69
1 75
1 79
1 79
1 79
1 140
1 140
1 140
0 140
1 140
0 43
0 56
1 115
1 115
0 115
0 115
1 128
1 128
1 137
0 137
0 71
1 102
1 102
0 102
1 103
1 129
1 105
1 84
1 74
1 74
1 74
1 74
1 72
1 121
1 121
1 121
1 94
1 94
1 94
1 78
0 78
1 78
1 119
1 46
0 46
1 134
1 134
1 82
1 82
1 132
1 92
1 92
1 68
1 68
1 68
1 68
1 68
0 61
1 139
1 81
1 108
1 125
0 125
0 93
1 104
1 95
1 95
1 95
1 56
1 92
1 92
1 92
1 85
1 61
1 61
1 61
1 77
1 139
1 139
1 115
1 115
1 44
1 111
1 111
1 111
1 111
0 137
1 133
1 133
1 123
1 123
1 94
1 94
1 53
1 53
1 66
0 66
1 134
1 134
0 139
1 123
1 123
1 123
1 130
1 102
1 102
1 53
1 53
1 53
0 131
1 33
1 133
1 133
1 79
1 79
1 127
1 127
1 74
1 120
1 120
1 120
1 76
0 76
1 110
1 110
1 60
1 60
1 121
1 84
0 84
0 138
0 66
1 104
1 119
1 119
1 119
1 82
0 106
1 139
1 59
1 130
1 130
1 132
1 50
1 117
1 117
1 88
1 124
1 131
1 131
1 47
1 36
1 133
1 57
1 57
1 112
1 57
0 77
0 121
1 137
1 51
1 99
1 85
1 115
1 32
0 87
0 87
1 94
1 101
1 101
1 101
1 101
1 101
0 33
1 134
1 114
1 114
1 66
0 66
0 79
1 122
1 122
1 122
1 122
0 140
1 137
1 139
1 139
0 69
1 125
1 113
1 126
1 110
1 110
1 110
1 61
1 95
1 95
1 138
1 138
1 118
1 118
1 53
1 50
1 129
1 65
1 65
0 65
1 111
1 111
1 116
1 116
1 117
1 51
1 76
1 76
1 139
0 139
1 87
1 87
1 75
1 121
1 121
1 121
1 134
1 134
1 134
0 126
1 115
1 115
1 115
1 81
1 81
1 81
0 81
1 48
1 48
1 132
1 132
1 115
1 115
1 115
1 53
1 119
1 119
1 119
1 97
1 115
1 115
1 88
1 91
1 91
0 91
0 112
1 93
1 93
1 115
1 115
1 111
1 132
1 122
1 111
1 111
1 82
1 103
1 103
1 116
1 116
1 116
0 116
1 119
1 119
1 88
0 88
0 88
0 124
1 41
1 69
1 69
1 69
1 69
0 60
1 129
1 129
1 129
1 129
1 129
1 107
1 129
1 129
1 129
1 112
1 131
1 64
1 64
1 90
1 71
1 93
1 140
1 140
1 132
1 132
1 132
1 132
0 25
0 48
1 58
1 58
1 102
0 102
0 87
0 87
0 46
1 72
1 72
1 72
1 81
1 81
1 135
1 135
1 87
1 54
1 135
1 86
1 86
1 111
1 111
1 108
1 131
0 131
0 131
1 131
1 103
0 129
0 129
1 91
1 106
0 106
1 138
1 138
1 123
1 128
0 128
1 118
1 114
1 114
1 114
1 114
1 67
0 94
1 114
1 114
1 123
1 63
1 63
0 76
1 120
1 28
1 140
0 66
1 120
1 83
1 80
1 112
0 60
1 140
1 140
1 127
1 114
1 114
1 114
0 114
1 90
0 90
1 90
0 123
1 123
1 139
1 139
1 139
1 64
1 64
1 59
1 109
1 109
1 77
1 64
1 105
0 105
0 105
1 75
1 75
1 127
1 90
1 114
1 50
0 140
1 115
1 133
1 108
1 108
1 123
1 123
1 123
0 123
1 135
1 48
1 48
1 48
1 115
1 115
1 115
1 115
1 131
1 131
0 131
1 95
1 109
1 107
1 77
1 134
0 127
0 122
0 93
1 101
0 101
0 101
1 76
1 76
1 115
1 91
1 121
1 92
1 135
1 135
1 135
1 135
1 106
1 106
1 110
1 110
0 110
1 110
1 138
1 139
0 139
0 139
0 139
1 102
1 102
0 92
0 92
1 119
1 119
1 119
1 61
1 45
1 117
1 117
1 79
1 79
1 81
1 109
1 109
1 113
1 113
1 80
1 80
1 86
1 86
1 86
1 136
1 86
1 86
1 86
1 106
1 128
0 128
1 128
1 113
1 44
1 97
1 97
1 97
1 59
1 90
1 109
1 106
0 106
1 94
1 94
1 81
1 27
1 139
1 139
1 81
0 81
1 122
0 122
1 50
1 40
1 140
0 83
0 83
0 83
1 76
1 72
1 100
0 100
1 136
0 130
1 135
0 135
1 83
1 67
1 65
1 115
1 56
1 104
1 138
1 110
1 110
1 87
1 111
1 111
1 111
1 114
1 57
1 80
1 111
1 111
1 111
1 134
0 134
1 48
1 48
1 81
1 81
0 97
1 113
1 113
1 113
1 113
1 68
1 118
1 118
1 123
1 123
0 123
1 115
1 115
1 115
0 99
1 115
1 94
1 94
1 62
1 109
1 133
1 133
1 133
0 137
1 112
1 137
1 137
1 137
1 137
0 137
0 137
0 137
0 135
1 136
1 136
1 37
1 37
1 138
1 138
0 138
0 106
1 64
1 98
1 98
1 98
1 93
1 93
1 115
1 115
1 115
0 115
1 58
1 67
1 67
1 67
1 128
1 136
1 136
1 103
1 103
0 103
0 103
0 133
1 133
1 117
1 117
1 117
1 104
0 123
0 123
0 123
0 132
1 140
0 140
0 140
0 140
1 122
0 95
1 137
1 137
0 137
1 135
1 135
1 123
1 123
0 140
1 125
1 125
0 140
1 71
1 111
0 111
0 65
1 60
1 46
1 99
1 97
1 127
1 121
0 35
1 66
0 58
1 103
1 103
1 133
0 133
1 131
1 131
1 95
1 95
1 95
0 138
0 138
0 138
0 138
1 104
1 76
1 76
1 89
1 89
1 89
1 67
1 67
0 67
1 140
1 102
1 102
1 89
1 62
0 39
0 39
0 63
1 106
1 106
1 106
0 106
1 97
1 97
1 105
0 105
1 97
1 115
1 115
0 99
1 124
1 126
1 139
1 139
1 139
0 139
1 127
1 127
0 127
1 95
1 59
1 59
0 137
1 25
0 98
1 137
1 137
0 137
0 137
1 88
1 88
1 88
1 43
0 114
1 131
1 131
1 131
0 110
1 138
1 138
1 138
1 84
1 125
1 86
0 86
1 139
1 118
1 118
0 46
1 123
1 94
1 41
1 59
1 73
1 73
1 73
1 130
1 130
1 130
1 91
1 91
1 122
1 131
1 82
0 111
1 105
1 105
1 105
0 108
1 38
0 131
1 84
1 84
1 84
0 27
0 41
1 77
1 77
0 77
0 77
0 77
1 38
0 93
0 93
1 105
1 60
1 114
1 99
1 99
1 135
0 135
1 110
1 110
1 110
1 134
1 134
1 134
0 134
1 80
1 85
1 85
0 85
1 30
1 139
1 136
0 136
1 107
1 107
1 34
1 70
1 70
1 70
1 120
1 120
1 93
1 140
1 140
1 122
1 122
1 122
1 63
1 63
1 131
1 65
1 65
1 119
1 119
1 119
1 58
1 108
1 108
0 108
1 108
1 108
1 108
1 88
0 122
0 117
1 101
1 136
1 136
1 136
0 139
1 140
1 140
1 107
1 107
1 98
1 140
0 96
0 63
0 63
0 58
0 81
0 81
1 81
1 81
1 130
1 121
1 121
1 81
1 81
1 91
1 91
1 91
1 98
1 98
1 134
1 134
1 134
1 134
1 138
1 138
1 36
0 138
1 62
1 62
1 58
1 123
1 123
1 123
1 114
1 114
1 124
1 127
1 127
1 127
1 83
0 65
1 32
1 58
0 58
1 44
0 44
1 57
0 136
1 115
1 115
1 115
1 115
0 133
1 78
1 140
1 140
1 106
1 99
1 68
0 45
0 105
1 105
1 104
1 104
1 139
1 139
0 31
1 122
1 122
1 108
0 134
1 98
1 110
1 136
1 136
1 136
1 136
1 136
1 135
1 135
1 135
1 132
1 132
1 132
1 132
1 110
1 110
1 110
1 133
1 138
1 116
1 116
1 116
1 116
1 136
1 91
1 112
1 112
1 102
1 115
1 107
1 107
1 107
1 62
1 62
1 62
0 119
0 119
1 135
1 115
1 115
1 115
1 118
1 118
1 115
0 138
0 138
0 138
0 138
0 138
0 138
1 105
1 69
1 69
0 120
1 138
1 138
0 83
0 83
1 68
1 68
0 68
1 123
1 135
1 86
1 113
1 113
1 113
1 106
1 106
1 106
0 94
1 94
1 92
1 92
1 92
0 92
0 72
1 121
1 136
1 128
1 128
0 88
0 88
1 80
1 81
0 112
1 113
1 139
1 139
1 139
1 116
1 116
1 116
1 136
1 136
1 136
1 101
1 44
0 140
0 140
1 82
1 112
1 112
1 112
0 47
1 111
1 111
1 134
1 48
1 121
1 116
1 111
1 111
1 92
1 92
0 92
1 99
1 41
1 41
1 89
1 89
1 89
1 89
1 138
0 138
1 132
1 67
1 119
0 105
1 105
1 65
0 65
1 65
1 42
1 39
1 52
1 72
1 134
1 134
1 125
1 95
1 76
1 124
1 124
1 124
0 78
0 78
1 93
1 53
1 118
1 118
1 118
0 118
1 109
1 85
1 85
1 98
1 98
1 132
1 109
1 109
1 109
1 95
1 95
1 97
1 97
1 97
1 133
1 133
1 98
1 98
1 102
1 102
0 102
1 93
1 114
0 114
1 114
1 57
1 62
0 42
1 123
1 115
1 115
1 115
1 115
0 51
1 51
1 89
1 118
1 118
0 131
0 131
1 136
1 136
1 136
1 119
1 93
1 72
1 115
1 115
1 115
1 115
1 115
1 115
1 115
1 72
1 77
0 77
0 124
1 132
1 132
0 102
0 130
1 70
0 70
0 122
1 139
0 139
1 67
1 140
1 140
1 140
0 140
0 140
0 86
0 51
1 104
1 104
1 122
1 122
1 59
1 59
1 79
1 115
1 67
1 115
0 115
1 57
0 57
1 115
1 115
1 115
1 115
1 110
1 115
1 115
1 115
1 89
1 115
1 115
1 115
0 115
1 39
1 113
1 113
1 113
1 77
0 77
1 81
1 81
1 81
1 81
1 94
1 94
1 94
1 119
1 119
1 119
0 119
1 119
1 112
1 112
1 112
1 90
1 135
1 135
1 135
1 117
1 67
0 67
1 120
1 120
1 120
1 120
1 139
1 137
1 137
1 115
1 115
1 115
1 66
1 66
1 115
1 95
0 95
1 113
1 113
0 113
1 109
1 117
1 117
1 117
1 115
1 115
1 115
1 115
0 115
1 77
1 77
1 77
1 85
1 85
1 89
1 89
1 67
0 67
1 69
1 69
1 69
1 115
1 115
1 115
1 83
1 83
1 83
1 140
1 140
1 140
1 140
1 140
1 140
1 140
1 140
1 115
1 115
1 95
1 95
1 99
1 99
1 116
1 116
1 139
1 139
1 139
1 139
1 139
1 139
1 113
1 113
1 115
1 115
1 115
1 115
1 115
1 119
1 92
1 114
1 84
1 136
1 136
1 136
1 85
1 138
1 138
1 138
0 138
1 49
1 49
1 115
1 115
1 115
1 115
1 115
1 115
1 115
1 119
1 119
0 119
1 98
1 64
1 83
1 102
1 102
1 102
1 102
1 135
1 135
0 135
0 135
1 61
1 61
1 61
1 79
1 79
1 115
1 115
1 115
1 102
1 102
1 102
1 102
1 102
1 97
0 97
1 74
1 74
1 111
1 111
1 111
1 111
1 120
1 120
1 77
1 77
1 110
1 96
1 96
0 96
1 86
1 115
0 115
1 78
0 78
1 89
1 89
1 89
1 134
0 134
1 126
1 126
1 126
1 126
1 116
1 116
1 101
1 101
1 101
1 103
1 103
1 103
1 99
1 99
0 99
1 99
1 140
1 106
1 106
1 106
1 138
1 138
0 85
1 85
1 71
1 84
1 84
0 84
0 99
0 99
1 123
1 80
1 139
0 139
1 140
1 140
1 73
1 73
0 73
1 115
1 115
1 115
1 63
1 63
1 65
1 65
1 49
1 109
1 69
1 118
1 118
1 118
1 119
1 119
1 58
1 61
1 140
1 140
1 140
1 140
1 140
1 81
1 76
1 76
0 76
1 115
1 114
1 114
1 114
1 114
1 81
1 81
1 81
1 124
1 124
1 124
1 80
1 80
1 116
1 116
1 134
1 134
1 134
1 134
1 116
1 116
1 116
1 115
1 115
1 115
1 114
1 114
1 114
1 60
1 60
1 60
1 105
1 105
1 105
1 55
1 83
1 83
1 92
1 127
1 103
1 103
1 103
1 85
0 80
0 80
0 112
1 83
1 83
1 136
1 74
1 129
1 129
0 129
0 138
0 138
0 138
0 138
0 138
1 129
1 134
1 134
1 134
1 50
1 56
1 125
0 69
1 137
1 114
1 114
1 123
1 136
1 136
1 79
1 71
1 71
1 71
1 118
1 118
0 118
1 139
1 139
1 128
1 128
1 132
1 128
1 128
1 128
1 107
1 107
1 107
1 107
1 72
1 51
1 128
1 128
0 128
1 115
1 115
1 115
1 115
1 115
1 115
1 83
1 83
1 131
1 131
0 131
0 131
0 131
1 115
1 115
1 114
1 114
1 115
1 115
1 115
1 115
0 115
0 115
1 106
1 106
1 106
1 56
1 56
1 106
1 106
1 106
1 106
1 115
1 115
1 100
1 139
1 139
1 139
1 98
1 98
1 98
1 98
1 98
1 95
1 95
1 115
1 112
1 113
1 113
1 113
1 113
0 113
0 75
1 139
1 139
1 136
1 84
1 84
1 84
1 117
1 117
1 74
1 74
1 70
1 70
1 104
1 104
1 130
1 130
1 130
1 118
1 118
1 118
1 118
1 118
1 115
1 115
1 72
1 128
0 128
1 75
1 75
1 40
1 134
1 134
1 134
1 134
1 99
1 113
1 113
1 57
1 57
1 57
1 131
0 131
1 80
0 80
1 48
1 48
1 48
1 137
1 92
1 111
1 111
1 134
1 134
1 102
1 102
1 102
1 102
1 115
1 115
1 115
1 115
1 115
1 115
1 115
0 115
1 87
1 87
1 140
1 140
1 140
1 115
1 115
1 115
1 119
1 119
1 119
1 119
1 119
1 49
1 74
1 90
1 86
1 86
1 103
1 57
1 57
1 115
1 115
1 115
1 112
1 115
1 115
1 115
1 113
1 113
1 113
1 108
1 108
1 122
1 122
1 122
0 93
1 29
1 36
1 94
1 94
1 94
1 125
1 125
1 125
1 88
1 88
1 71
1 140
1 140
1 140
1 140
1 140
1 114
1 114
1 114
1 43
1 78
1 78
1 124
1 124
1 124
1 124
0 124
1 115
1 115
1 57
1 57
1 140
1 140
1 140
1 140
1 140
1 140
1 51
1 51
1 127
1 127
1 127
1 127
1 136
1 136
1 136
1 136
0 136
1 136
1 136
1 136
1 136
1 136
1 136
1 115
1 116
1 116
1 116
1 135
1 135
1 135
1 137
1 137
1 137
1 137
1 115
1 115
1 67
1 67
1 67
1 67
1 115
1 115
1 115
1 136
1 72
1 72
1 83
1 83
0 83
1 76
1 105
1 105
1 105
1 114
1 120
1 69
0 69
0 69
1 113
1 113
1 113
1 113
1 108
1 108
0 108
1 139
1 139
1 139
1 112
1 112
1 112
1 120
1 120
1 120
1 120
1 63
1 63
1 71
1 71
1 121
1 121
1 112
1 112
0 112
1 105
1 105
1 105
1 38
1 115
1 115
1 115
1 139
1 91
0 91
1 118
1 137
1 137
1 137
0 137
0 137
0 137
1 115
1 115
1 115
1 115
1 83
0 83
1 111
1 111
1 89
1 89
1 115
1 115
1 115
1 138
1 138
1 138
1 138
1 119
1 119
1 119
1 119
1 119
1 137
1 137
1 137
1 137
0 45
1 93
1 93
1 115
1 115
1 115
1 115
1 115
1 100
1 79
1 79
1 79
1 79
1 85
1 71
1 71
1 136
1 136
1 73
1 73
1 73
1 73
1 82
1 82
1 82
1 88
1 88
1 88
1 105
1 82
1 82
1 82
1 75
1 136
0 60
1 60
1 116
1 116
1 116
1 116
1 59
1 59
1 59
1 115
1 91
1 91
1 76
1 76
1 76
1 136
1 136
1 136
1 136
1 136
1 63
1 122
1 122
1 122
1 128
1 71
1 115
1 116
1 116
1 125
1 111
1 111
1 65
1 65
1 107
1 109
1 109
1 109
1 126
1 126
1 115
1 115
1 115
1 115
1 115
1 103
1 135
1 135
1 135
0 135
1 86
1 86
1 115
0 114
0 114
1 139
1 139
1 89
1 89
1 89
0 89
1 91
1 91
1 80
1 80
1 113
1 113
1 113
1 102
1 93
1 93
1 93
1 139
1 139
1 139
1 139
1 139
1 139
1 139
1 112
1 112
1 61
1 61
1 132
1 132
1 127
1 127
1 127
1 127
1 116
1 116
1 116
1 116
1 68
1 116
1 116
1 116
1 116
1 116
1 131
1 131
1 119
0 119
1 47
1 117
1 115
1 115
1 115
1 108
0 108
1 119
1 119
1 139
1 104
1 104
1 104
1 104
1 115
1 115
1 115
1 115
1 115
1 115
1 58
1 58
1 58
1 99
1 99
1 115
1 115
1 115
1 115
1 79
1 79
1 112
1 112
1 136
1 136
1 136
1 136
1 136
1 136
1 138
1 138
1 138
1 138
1 138
0 138
1 94
1 94
1 94
1 94
1 118
1 118
1 118
1 135
1 135
1 135
1 135
0 135
1 139
1 66
1 66
0 113
1 111
1 111
1 111
0 111
1 58
1 77
1 109
1 62
1 90
0 90
1 90
1 140
1 140
1 140
1 40
1 133
1 91
1 91
1 116
1 116
1 116
1 116
1 118
1 137
1 137
0 137
1 93
1 93
1 93
1 128
1 128
1 135
0 135
1 135
1 136
0 136
0 136
1 49
1 98
1 98
1 84
1 84
1 84
1 140
1 140
1 140
0 140
1 95
1 95
1 95
1 100
1 100
1 100
1 120
1 120
1 50
1 50
1 99
1 99
1 97
1 97
1 97
1 65
1 65
0 65
1 52
1 52
1 72
1 72
1 109
1 109
1 109
1 109
1 109
1 116
1 84
1 102
1 114
1 114
1 114
1 114
1 114
1 131
1 129
1 115
1 115
1 115
0 115
1 66
0 66
1 72
1 72
1 72
1 108
1 108
1 108
1 115
1 116
1 116
1 116
1 115
1 139
1 139
0 139
0 139
1 112
1 112
1 112
1 112
1 101
1 115
1 69
1 69
0 69
0 69
1 97
1 97
1 134
1 134
1 115
1 115
1 115
1 115
1 103
1 116
1 116
1 88
1 88
1 84
1 85
1 85
0 85
1 108
1 122
1 47
1 47
1 134
1 102
1 102
1 115
1 115
1 115
1 118
1 118
1 115
1 115
1 115
1 115
1 116
1 116
1 98
1 140
1 115
1 115
1 115
1 115
1 134
1 112
1 112
1 120
1 120
1 120
1 120
1 79
1 79
1 79
1 98
1 98
1 98
1 66
1 66
1 66
1 121
1 106
1 106
1 65
1 65
1 120
1 96
1 96
1 96
1 67
1 67
1 103
1 117
1 117
1 117
1 73
1 73
1 73
1 73
0 73
0 73
1 37
1 115
1 90
0 90
1 106
1 106
1 98
1 52
0 52
1 115
1 115
1 116
1 116
1 116
1 88
1 88
0 88
1 118
1 115
1 115
0 115
1 114
1 85
1 85
1 85
1 115
1 115
1 115
0 115
1 49
1 49
1 115
1 115
1 115
1 115
1 134
1 134
1 134
1 38
1 38
1 38
1 104
1 115
1 115
1 115
1 86
1 86
1 100
1 115
1 136
1 140
1 140
1 140
0 140
1 115
1 115
1 115
1 115
1 133
1 133
1 133
1 133
0 133
1 136
1 136
1 136
1 79
1 106
1 69
1 69
1 69
1 46
1 46
1 46
1 46
1 35
1 39
1 39
1 139
0 139
1 105
1 105
1 140
1 140
1 140
0 140
1 140
1 140
1 119
1 119
1 119
1 120
1 120
1 120
1 115
1 72
1 72
1 72
1 129
1 129
1 74
1 109
1 109
1 109
1 109
0 109
1 75
1 140
1 140
1 140
1 86
1 86
1 86
1 136
1 136
1 111
1 111
1 115
1 104
0 104
1 124
1 124
1 124
1 107
1 107
1 126
0 132
1 132
1 77
1 114
1 92
1 92
1 92
0 92
0 92
1 102
1 102
1 107
0 107
1 102
1 102
1 115
1 117
1 117
1 117
1 115
1 113
1 113
1 115
1 136
1 136
1 136
1 136
1 109
1 109
1 109
1 109
1 59
1 59
1 59
1 136
1 136
1 83
0 83
1 121
1 121
1 115
0 115
0 115
1 45
1 45
1 103
1 112
1 112
1 130
1 130
1 77
1 139
1 139
0 139
0 139
0 139
1 118
1 115
1 115
1 63
1 104
1 116
1 116
1 116
1 124
1 124
1 127
1 127
1 114
1 114
1 79
1 79
1 79
1 129
0 129
1 92
1 92
1 92
1 132
1 107
1 115
1 79
1 115
1 115
1 98
1 98
1 127
1 127
1 127
1 60
1 81
1 81
1 133
1 123
1 123
1 123
1 123
1 113
1 113
1 113
1 113
0 113
1 115
1 115
1 140
0 140
1 115
1 140
1 139
1 136
1 97
1 103
1 27
1 81
1 71
1 116
1 137
1 104
1 100
1 133
1 36
1 56
1 138
1 134
1 136
1 92
1 74
1 140
1 64
1 84
1 31
1 131
1 52
1 114
1 115
1 139
1 80
1 37
1 63
1 100
1 139
1 43
1 88
1 101
1 140
1 101
1 117
1 134
1 123
1 90
1 138
1 129
1 43
1 136
1 110
1 102
1 127
1 68
1 82
1 46
1 108
1 127
1 88
1 48
1 137
1 115
1 94
1 129
1 139
1 139
1 92
1 138
1 98
1 103
1 46
1 47
1 101
1 36
1 66
1 111
1 87
1 10
1 112
1 64
1 41
1 53
1 34
1 138
1 99
1 99
1 53
1 104
1 68
1 50
1 93
1 82
1 51
1 66
1 88
1 62
1 61
1 61
1 105
1 53
1 49
1 97
1 81
1 79
1 103
1 129
1 70
1 107
1 86
1 100
1 134
1 107
1 87
1 68
1 51
1 95
1 57
1 139
1 40
1 45
1 71
1 35
1 80
1 96
1 51
1 78
1 52
1 26
1 93
1 78
1 78
1 120
1 48
1 126
1 56
1 29
1 79
1 108
1 115
1 140
1 48
1 56
1 110
1 73
1 73
1 136
1 139
1 46
1 57
1 71
1 67
1 127
1 66
1 118
1 140
1 39
1 70
1 50
1 107
1 31
1 111
1 38
1 79
1 107
1 40
1 51
1 48
1 111
1 136
1 106
1 32
1 137
1 40
1 63
1 73
1 93
1 74
1 103
1 89
1 139
1 37
1 137
1 113
1 102
1 133
1 139
1 136
1 35
1 82
1 107
1 140
1 51
1 106
1 49
1 62
1 65
1 106
1 127
1 64
1 72
1 136
1 133
1 138
1 137
1 88
1 48
1 69
1 51
1 63
1 54
1 102
1 69
1 140
1 139
1 139
1 92
1 138
1 98
1 107
1 76
1 134
1 140
1 73
1 87
1 74
1 32
1 100
1 99
1 75
1 96
1 93
1 104
1 139
1 35
1 35
1 97
1 127
1 76
1 67
1 72
1 97
1 58
1 33
1 68
1 134
1 97
1 53
1 78
1 29
1 108
1 93
1 24
1 87
1 138
1 105
1 51
1 24
1 65
1 68
1 139
1 97
1 81
1 61
1 137
1 127
1 92
1 99
1 40
0 40
1 107
1 136
1 81
1 137
1 63
1 123
1 54
1 82
1 56
1 30
1 32
1 138
1 83
1 117
1 94
1 41
1 16
1 123
1 42
1 83
1 101
1 138
1 97
1 116
1 112
1 137
1 76
1 65
1 87
1 80
1 30
1 94
1 94
1 113
1 80
1 102
1 107
1 108
1 49
1 71
1 115
1 136
1 35
1 82
1 134
1 114
1 79
1 115
1 115
1 86
1 103
1 100
1 28
1 121
1 83
1 81
1 79
1 35
1 57
1 107
1 81
1 68
1 40
1 94
1 94
1 68
1 108
1 67
1 97
1 97
1 80
1 125
1 95
1 112
1 99
1 86
1 48
1 51
1 106
1 58
1 23
1 82
1 56
1 125
1 65
1 140
1 139
1 40
1 80
1 112
1 95
1 26
1 83
1 114
1 61
1 34
1 61
1 104
1 66
1 106
1 37
1 68
1 75
1 82
1 39
1 50
1 107
1 66
1 82
1 71
1 50
1 51
1 80
1 67
1 66
1 82
1 96
1 44
1 139
1 105
1 129
1 107
1 57
1 105
1 110
1 68
1 79
1 86
1 103
1 100
1 131
1 111
1 119
1 134
1 86
1 103
1 68
1 41
1 41
1 53
1 82
1 96
1 114
1 123
1 96
1 126
1 117
1 107
1 99
1 87
1 91
1 78
1 78
1 116
1 114
1 83
1 37
1 101
1 34
1 105
1 119
1 111
1 106
1 72
1 118
1 38
1 92
1 111
1 85
1 114
1 31
1 83
1 65
1 134
1 97
1 102
1 65
1 93
1 92
1 90
1 61
1 95
1 138
1 138
1 102
1 30
1 102
1 135
1 139
1 75
1 43
1 118
1 139
1 87
1 103
1 136
1 106
1 135
1 65
1 117
1 136
1 48
1 62
1 135
1 48
1 137
1 99
1 75
1 43
1 20
1 100
1 38
1 80
1 51
1 102
1 62
1 117
1 138
1 105
1 76
1 76
1 104
1 129
1 92
1 127
1 140
1 80
1 105
1 138
1 139
1 62
1 69
1 102
1 135
1 127
1 126
1 139
1 35
1 103
1 134
1 102
1 49
1 135
1 79
1 140
1 54
1 103
1 129
1 66
1 49
1 22
1 126
1 138
1 117
1 127
1 18
1 113
1 104
1 71
1 79
1 31
1 101
1 131
1 119
1 113
1 110
1 64
1 134
1 104
1 99
1 89
1 79
1 127
1 52
1 99
1 54
1 69
1 46
1 100
1 71
1 110
1 39
1 40
1 107
1 103
1 110
1 124
1 40
1 25
1 107
1 56
1 137
1 125
1 63
1 107
1 139
1 66
1 100
1 66
1 66
1 100
1 46
1 72
1 92
1 63
1 80
1 73
1 21
1 79
1 107
1 69
1 58
1 110
1 126
1 93
1 69
1 58
1 135
1 107
1 107
1 53
1 101
1 27
1 111
1 82
1 82
1 68
1 74
1 86
1 50
1 87
1 75
1 140
1 137
1 114
1 100
0 102
0 106
0 138
0 137
0 138
0 97
0 50
0 114
0 108
0 79
0 52
0 84
0 131
0 114
0 92
0 54
0 54
0 136
0 114
0 110
0 131
0 42
0 127
0 56
0 134
0 66
0 102
0 137
0 78
0 115
0 72
0 90
0 67
0 48
0 67
0 81
0 140
0 66
0 107
0 103
0 103
0 123
0 97
0 97
0 97
0 84
0 61
0 115
0 103
0 107
0 97
0 69
0 31
0 98
0 133
0 76
0 80
0 56
0 92
0 46
0 50
0 46
0 92
0 90
0 78
0 81
0 131
0 104
0 65
0 69
1 65
0 61
0 118
0 122
0 40
0 83
0 65
0 30
0 30
0 126
0 116
0 37
0 114
0 136
0 103
0 42
0 116
0 112
0 131
0 136
0 81
0 87
1 26
0 129
0 101
0 48
0 105
0 29
0 29
0 73
0 67
0 78
0 61
0 70
0 28
0 134
0 107
0 28
0 82
0 107
0 107
0 78
0 104
0 114
0 99
0 98
1 69
0 67
1 53
0 95
0 107
1 111
1 112
0 107
0 98
0 125
0 102
0 89
0 68
1 107
0 59
0 140
0 139
0 115
0 136
0 136
0 79
0 46
0 35
0 103
0 139
0 41
0 127
0 48
0 102
0 137
0 92
0 64
0 121
0 40
0 105
0 140
0 72
0 67
0 107
0 85
0 134
0 103
0 134
0 65
0 104
0 64
0 139
0 100
0 101
0 140
0 94
0 61
1 20
1 79
0 129
0 36
0 124
0 110
0 137
0 107
0 71
0 138
0 74
0 89
0 139
0 114
0 115
0 80
0 113
0 38
0 34
0 138
1 76
1 76
0 76
1 113
1 113
1 113
1 113
0 113
1 113
1 124
1 124
1 124
0 124
1 140
1 140
1 140
1 140
1 140
1 140
0 140
0 140
1 79
1 79
1 129
1 129
1 129
0 129
0 123
1 123
0 123
0 123
0 123
1 123
1 123
0 123
0 123
1 116
0 116
1 116
1 134
0 134
1 134
1 134
1 33
1 50
1 50
1 118
1 118
1 118
1 109
0 109
1 109
1 109
0 109
1 150
1 150
1 148
1 148
0 148
1 98
1 98
0 98
1 78
1 78
1 78
1 78
1 140
1 140
1 140
0 140
1 140
1 140
1 140
1 72
1 72
1 109
1 109
1 113
1 113
1 113
1 113
1 113
1 140
1 140
1 140
1 140
1 140
1 114
1 114
1 108
1 108
1 108
1 108
1 108
1 134
1 134
1 134
1 134
0 134
1 134
1 134
1 63
1 63
1 63
1 82
1 82
1 82
1 82
1 129
1 129
1 129
1 60
1 60
1 113
1 113
1 113
1 133
1 133
1 133
1 133
1 133
1 133
1 115
1 115
1 115
1 115
1 90
1 123
1 123
1 123
1 38
1 60
1 140
1 140
1 140
1 140
1 118
1 118
0 118
0 92
0 92
1 92
1 92
1 92
1 148
1 148
1 148
1 148
1 148
1 148
1 88
1 88
1 88
1 88
1 101
1 101
1 101
1 101
1 113
1 113
1 113
1 85
1 85
1 85
1 144
1 144
1 144
1 144
1 144
1 144
0 144
1 134
1 134
1 140
1 140
1 140
1 82
1 82
1 82
1 82
1 115
1 115
1 112
1 112
1 112
1 112
0 112
1 113
1 113
1 130
1 130
1 130
1 130
1 140
1 140
1 75
1 75
0 75
1 75
1 89
0 89
1 89
1 89
1 53
0 135
1 135
1 135
1 135
1 117
1 117
1 140
1 140
1 140
1 140
0 140
0 90
1 90
1 90
1 90
1 100
1 100
1 100
1 67
1 67
1 67
1 86
1 86
1 66
1 66
0 66
1 66
1 113
1 113
1 113
1 113
1 113
1 113
1 69
1 69
1 123
1 123
0 123
1 108
1 108
1 108
1 108
1 108
1 101
1 101
1 101
1 101
1 140
1 140
1 140
1 108
1 108
1 120
0 120
1 120
1 96
1 96
1 107
1 107
1 107
0 117
1 117
1 105
0 105
1 105
1 103
0 103
1 103
0 103
1 144
0 144
1 144
1 144
1 115
1 115
1 115
1 115
1 130
1 130
1 111
1 140
1 140
1 140
1 140
1 140
1 140
1 140
1 140
1 140
1 113
1 113
1 103
1 103
0 103
1 53
1 74
0 74
1 140
1 140
1 140
1 140
1 140
1 124
1 124
1 63
1 63
1 63
1 113
1 113
1 109
1 109
1 109
1 139
0 139
1 110
0 110
0 110
1 110
1 130
1 130
1 130
1 130
1 106
1 106
1 113
1 113
1 113
0 77
1 77
1 77
1 138
0 138
1 144
1 144
0 144
1 135
1 135
1 135
1 59
1 59
1 79
1 79
1 79
1 113
1 113
1 119
1 119
0 119
0 107
1 74
1 74
1 116
1 130
1 130
1 130
1 113
1 113
1 113
1 98
1 98
1 140
0 140
0 140
1 113
1 113
1 113
0 138
1 109
1 117
1 117
1 140
1 140
1 33
1 33
1 78
1 78
1 140
0 140
1 140
1 140
1 85
1 85
1 85
1 104
1 104
1 104
0 104
1 83
1 140
1 140
1 113
1 113
1 113
1 140
1 140
1 140
1 81
1 81
1 81
1 136
1 136
1 136
1 101
1 101
1 101
1 116
1 116
1 116
0 116
1 133
1 133
1 133
1 133
1 140
1 140
1 131
1 131
1 131
1 113
1 86
1 86
1 86
1 87
1 87
1 87
0 87
1 113
1 136
1 136
1 136
1 136
1 136
1 136
1 136
1 136
1 125
1 125
1 125
1 125
1 125
1 119
1 119
0 119
0 119
1 78
1 78
1 78
0 78
1 113
1 113
1 113
1 113
1 140
1 140
0 140
1 140
1 140
1 140
1 122
1 122
1 122
1 101
1 101
1 113
1 113
1 113
1 116
1 116
1 115
1 115
1 139
1 139
1 139
1 139
1 85
1 118
1 118
1 118
1 116
1 116
1 116
1 116
1 102
1 102
1 102
1 102
1 117
0 117
1 117
1 69
1 69
1 69
1 99
1 99
1 113
1 113
1 113
1 87
1 87
1 94
1 94
1 113
1 113
1 113
1 140
1 140
1 140
1 140
1 129
1 129
1 92
1 92
1 92
1 140
1 140
1 138
1 138
1 138
1 140
1 140
1 140
1 140
1 133
1 133
1 133
1 133
1 132
1 132
1 132
1 132
1 132
1 91
1 91
1 122
1 122
1 122
1 122
1 122
1 136
1 136
1 136
1 136
1 136
1 136
1 136
1 136
1 134
1 134
1 113
1 113
1 82
1 82
1 82
1 134
1 134
1 134
1 134
1 139
1 139
1 139
1 139
1 139
1 60
1 60
1 113
1 113
1 49
1 49
1 82
1 100
1 100
1 100
1 101
1 101
1 125
1 125
1 125
1 113
1 113
1 113
1 113
1 113
1 113
1 44
1 44
1 111
1 111
1 125
1 125
0 125
1 121
1 121
1 121
1 113
1 113
1 113
1 113
1 120
1 120
1 120
1 120
1 100
1 100
1 100
1 111
1 111
1 111
1 111
1 111
1 140
0 140
1 140
1 140
1 140
1 140
1 140
1 136
1 136
1 113
1 113
1 113
1 113
1 136
1 136
1 136
1 136
1 140
1 140
0 140
0 140
1 113
1 113
1 113
1 113
1 113
1 113
1 113
1 116
1 116
0 116
1 116
1 116
1 136
1 136
1 136
1 136
1 136
1 136
1 136
1 119
1 119
1 119
1 119
1 87
0 101
1 101
1 68
1 114
1 114
1 114
1 124
1 124
1 124
1 124
0 83
1 83
0 82
1 82
1 98
1 98
0 98
1 67
1 67
1 124
1 124
1 124
1 128
1 128
0 128
1 128
1 128
1 128
1 128
1 131
1 131
1 131
1 131
1 131
1 131
1 113
1 113
1 128
1 128
1 125
0 125
1 101
0 101
1 119
1 119
0 130
0 130
1 130
0 130
0 111
0 111
1 111
1 89
1 89
1 70
0 70
1 70
1 84
1 84
1 84
1 113
1 113
1 113
1 113
1 113
1 113
1 113
1 89
1 89
1 112
1 112
1 112
1 128
1 128
1 128
1 128
1 128
1 134
1 134
1 140
1 140
1 140
1 140
1 140
1 140
1 140
1 140
1 52
1 113
1 39
1 104
1 104
1 104
1 104
1 104
1 113
1 113
1 136
1 136
1 136
1 99
1 99
1 99
1 99
1 99
1 140
1 140
1 140
1 140
1 140
1 113
1 113
1 113
1 113
1 113
1 140
1 140
1 140
0 140
1 140
1 140
1 140
1 140
1 140
1 140
1 140
1 140
1 139
1 139
1 139
1 113
1 120
1 120
1 120
1 140
1 140
1 140
1 140
1 113
1 50
1 113
1 140
1 140
1 140
1 140
1 113
1 113
1 97
1 109
1 109
1 109
1 139
1 139
1 139
1 109
1 109
1 113
1 113
1 113
1 113
1 73
1 73
0 140
1 78
1 105
1 105
1 113
1 113
1 98
1 98
1 98
1 103
1 103
0 103
1 121
1 121
0 121
1 121
1 117
1 117
1 117
1 117
1 140
1 140
1 139
0 139
1 135
0 135
0 123
1 123
1 118
0 118
1 118
1 118
1 118
1 98
1 98
1 113
1 113
1 113
1 60
1 60
1 60
1 87
1 87
1 87
1 87
1 120
1 120
1 120
0 132
1 132
1 133
1 133
1 133
0 133
1 114
0 114
1 102
1 102
1 102
0 102
1 102
1 100
0 100
1 100
1 75
1 75
1 121
1 113
1 113
1 113
1 132
1 132
1 125
1 125
1 125
0 125
1 140
1 140
1 140
0 139
1 113
1 113
1 113
1 113
1 113
1 113
1 73
1 73
1 88
1 88
1 88
0 88
1 107
1 107
0 107
1 113
1 136
1 136
1 136
1 136
1 82
1 82
1 82
1 88
1 88
0 88
1 135
1 135
1 135
1 71
1 139
1 139
1 139
1 140
0 140
1 144
0 144
1 132
1 132
1 132
0 116
1 116
1 135
1 135
0 135
1 135
1 80
1 121
1 121
1 121
1 45
1 45
1 60
1 60
1 60
1 136
1 136
1 136
1 136
1 42
1 42
1 115
1 115
1 115
1 89
1 89
1 89
1 89
1 92
1 92
1 116
1 116
1 116
1 79
1 74
1 74
1 74
1 61
1 61
1 61
1 136
1 136
1 136
1 136
1 136
1 136
1 113
1 113
1 113
1 113
1 127
0 127
1 136
1 136
1 136
1 136
1 136
1 77
1 77
1 77
1 77
1 113
1 136
1 136
1 136
1 136
1 136
1 140
1 140
1 89
1 89
1 89
1 133
1 133
1 133
1 33
1 78
0 78
1 122
1 122
1 122
0 110
1 110
1 93
1 93
1 93
1 99
1 99
1 99
1 121
1 139
1 139
1 140
1 140
1 140
1 140
1 140
1 136
1 136
1 113
1 113
1 113
1 135
1 135
1 113
1 113
1 136
1 136
1 136
1 136
1 136
1 136
1 83
1 83
0 83
1 140
0 140
1 140
1 140
0 140
1 136
1 136
1 136
1 136
1 136
1 140
1 140
1 140
0 140
1 115
1 115
1 115
1 115
1 140
1 140
1 93
1 93
1 110
1 110
0 110
1 143
1 143
1 143
1 143
1 65
1 65
0 80
1 80
1 80
1 111
1 111
1 111
1 111
1 111
1 107
1 107
1 107
1 117
1 117
1 117
1 117
1 132
1 132
1 132
1 132
0 132
1 140
1 140
1 140
1 140
1 77
1 77
1 138
1 138
1 124
1 124
1 124
1 124
1 67
0 67
1 140
1 140
1 140
1 140
1 140
1 140
1 140
1 140
1 140
1 140
1 140
1 144
1 144
1 144
1 118
1 102
1 102
1 136
1 136
1 136
1 136
1 136
1 136
1 136
1 136
1 119
1 119
1 119
1 140
1 140
1 140
1 140
1 140
1 128
1 128
1 116
1 116
0 116
0 116
1 88
1 88
0 88
1 129
1 129
1 129
1 129
1 129
1 129
1 129
1 129
0 129
1 132
1 132
1 94
1 94
1 94
0 94
1 113
1 113
1 113
0 113
0 113
1 130
1 130
1 130
1 130
1 130
0 140
0 140
0 140
1 140
1 140
1 140
1 140
1 127
1 127
1 127
1 137
1 134
1 134
1 140
1 140
0 140
1 106
1 106
0 106
1 106
1 106
1 106
1 106
1 106
1 106
1 45
1 45
1 138
1 138
1 138
1 138
0 138
1 140
1 140
1 140
1 112
1 112
1 112
1 112
1 112
1 112
1 99
1 99
1 99
1 117
1 117
1 117
0 117
1 125
1 125
1 140
1 140
0 140
1 140
0 140
1 113
1 113
1 113
1 113
1 113
1 113
1 113
1 113
1 113
1 113
1 113
1 113
1 113
1 113
1 113
1 113
1 113
1 113
1 113
1 113
1 136
1 140
1 140
1 140
1 140
1 126
1 126
1 126
1 126
1 126
1 126
1 58
1 58
1 113
1 113
1 91
1 91
1 91
0 91
1 140
1 140
1 140
1 82
1 82
1 103
1 103
1 131
1 131
1 131
1 69
1 69
1 131
1 131
0 131
1 131
1 131
1 113
1 113
1 113
1 113
1 113
1 113
1 113
1 113
1 113
1 113
1 140
1 140
1 140
1 140
1 107
1 107
1 107
1 103
1 103
1 103
1 108
1 108
1 129
1 129
1 129
0 76
1 76
1 108
1 108
1 113
1 113
1 113
1 113
1 113
1 113
1 113
1 113
1 113
1 113
1 122
1 122
1 122
1 123
1 123
1 123
1 109
1 109
1 109
0 121
1 121
1 126
0 126
1 88
0 88
1 88
1 88
0 88
1 88
1 113
1 113
1 113
1 113
1 113
1 123
1 123
1 123
0 105
1 105
1 129
1 129
1 129
1 136
1 136
1 136
1 136
1 136
1 136
1 87
1 87
0 87
1 81
1 81
0 99
1 99
1 99
1 140
1 140
1 140
1 140
1 140
1 140
1 140
1 138
1 138
1 138
1 138
1 138
1 138
1 138
1 108
1 108
1 108
1 131
1 131
1 131
1 137
1 137
1 137
1 71
1 71
1 71
1 71
1 69
1 69
1 69
0 69
1 79
1 79
1 79
1 99
1 99
1 99
1 99
1 119
1 119
1 119
1 119
1 121
1 121
1 121
1 121
1 136
1 136
1 136
1 136
1 136
1 136
1 136
1 113
1 113
1 113
1 54
1 54
1 54
1 88
1 88
1 88
1 140
1 140
1 140
1 113
1 113
1 118
1 118
1 118
1 118
1 118
1 113
1 113
1 113
1 113
1 140
1 140
1 140
1 140
1 140
1 33
1 34
1 140
0 140
1 140
1 140
1 140
1 136
1 136
1 136
1 113
0 113
1 65
1 74
1 74
1 136
1 136
1 136
1 136
1 136
1 89
1 89
1 113
1 113
1 113
1 105
1 65
1 65
1 86
1 86
1 86
1 82
1 139
1 139
1 139
1 139
1 133
1 133
1 133
0 133
1 83
1 40
1 26
1 100
1 100
1 100
1 100
0 81
1 81
1 81
0 116
1 116
1 116
0 116
1 116
1 116
0 116
0 116
0 116
1 63
1 135
1 83
1 83
1 60
1 60
1 60
1 74
1 69
0 78
0 78
1 88
1 88
0 119
1 41
1 41
1 52
1 52
1 103
1 103
1 103
0 103
1 61
0 110
1 110
0 98
1 98
1 98
1 98
1 98
1 98
1 98
1 60
1 100
1 100
1 128
1 128
1 128
1 128
0 94
1 94
1 111
1 111
1 138
0 138
0 91
0 44
1 44
1 86
1 102
1 102
1 71
1 31
1 78
1 51
1 51
1 51
1 55
1 13
1 42
1 42
1 39
0 103
0 103
0 43
0 40
1 86
1 86
0 55
1 139
1 139
0 139
0 139
1 50
1 50
1 50
1 56
1 60
1 60
1 60
1 79
1 23
1 29
1 91
1 91
0 91
0 71
1 46
1 99
1 105
1 52
1 52
1 52
1 59
1 78
1 78
1 78
1 99
1 99
1 99
0 99
1 99
1 38
1 38
1 61
0 61
0 39
1 29
1 29
1 62
1 62
1 89
1 89
1 99
1 75
1 75
1 45
1 51
1 90
1 90
1 128
1 128
1 128
1 49
1 49
1 49
1 139
1 139
1 117
1 123
1 98
1 111
1 111
1 61
1 123
1 139
0 139
0 139
1 84
1 84
1 45
1 45
1 119
1 119
1 56
1 56
0 80
0 80
1 127
1 127
1 112
1 112
1 26
1 58
1 58
1 71
1 99
1 99
0 115
1 115
1 115
1 47
1 96
0 96
1 139
0 102
1 102
1 64
1 64
1 83
0 83
1 83
1 103
1 103
0 42
1 42
1 60
1 124
1 124
1 124
1 124
1 135
1 51
1 51
0 34
1 138
0 119
0 119
0 119
1 138
0 138
0 95
0 95
1 95
1 140
1 140
0 30
1 79
1 53
1 88
0 88
1 88
1 126
1 30
1 30
1 62
1 62
1 16
1 4
1 99
1 115
1 115
1 116
1 116
1 116
0 87
1 87
1 87
1 87
0 24
1 81
1 81
0 85
1 62
1 62
1 138
0 138
1 138
1 35
1 92
1 58
0 58
1 58
1 58
1 108
1 108
1 26
1 60
1 60
0 63
0 106
1 106
0 132
0 132
1 26
0 26
1 62
0 62
1 128
1 128
1 128
0 76
1 113
1 111
0 111
1 15
1 98
1 116
1 110
1 110
1 110
1 110
1 110
1 55
0 55
1 55
1 37
1 137
1 137
0 137
1 60
1 60
1 75
0 75
1 75
0 75
1 99
1 99
0 60
1 60
1 72
1 137
0 92
0 92
1 35
1 122
1 122
0 90
1 105
0 132
0 140
0 39
0 113
1 113
1 113
1 81
0 70
1 59
1 59
1 117
1 52
1 85
1 92
1 92
1 96
1 96
1 36
1 44
0 65
1 102
1 102
1 102
1 59
1 59
1 59
1 86
1 86
1 99
1 99
1 99
1 99
1 66
1 66
1 86
0 123
0 123
0 49
1 49
1 86
1 86
1 86
1 59
0 46
1 46
0 99
1 65
1 133
1 139
1 139
0 139
0 113
1 113
0 113
1 91
0 81
0 138
0 138
0 120
0 120
1 120
1 130
1 130
1 130
1 130
1 130
0 64
1 105
1 105
1 54
1 66
1 95
1 95
0 103
0 102
1 102
0 102
1 85
0 85
1 95
1 95
1 95
0 112
1 112
1 35
1 67
1 116
0 116
0 116
1 119
1 119
1 61
0 112
0 33
1 112
0 112
1 112
1 46
1 56
1 91
1 91
1 91
1 109
1 109
1 109
1 71
1 71
1 48
0 48
1 48
1 119
1 119
0 63
0 27
1 35
1 95
1 95
1 136
1 136
0 53
0 92
1 92
1 18
1 65
1 65
1 85
1 85
0 91
1 91
1 91
1 110
0 48
1 89
1 98
1 98
1 98
1 91
1 91
1 91
1 91
1 88
1 125
1 125
1 125
1 125
0 125
1 67
1 67
1 67
1 116
1 66
1 134
1 134
0 134
0 134
1 95
1 51
1 51
1 51
1 137
0 55
0 121
1 121
1 121
0 121
1 121
1 121
1 121
0 121
0 121
1 59
1 78
1 78
1 128
1 128
0 101
0 128
1 64
0 64
1 50
1 51
1 96
0 96
1 119
1 119
1 134
1 134
0 134
1 139
1 139
0 139
0 136
1 18
1 53
1 42
1 48
1 110
1 110
0 138
1 138
1 60
0 135
1 135
1 75
0 139
0 139
1 32
1 79
1 101
0 101
1 101
0 108
1 108
1 108
0 108
1 108
1 108
0 108
0 108
1 45
1 140
1 88
1 88
1 115
1 115
1 90
1 104
1 104
0 104
1 135
1 135
1 104
1 117
1 117
1 133
1 133
1 133
0 133
0 103
1 95
1 95
1 95
1 39
1 39
1 39
1 50
0 129
1 129
1 65
1 65
1 65
1 120
1 132
1 132
1 87
1 87
0 140
1 140
1 94
1 94
1 109
1 112
1 112
1 52
1 52
1 52
1 139
1 139
1 139
1 139
1 139
1 135
1 135
0 135
1 135
0 135
1 105
1 105
1 105
1 105
1 68
0 68
1 140
1 140
0 140
1 69
1 69
1 69
1 140
1 140
0 140
1 109
1 109
1 109
1 109
1 64
1 64
1 98
1 98
0 138
0 42
1 138
1 138
1 138
0 138
0 89
1 89
1 89
0 134
1 134
1 134
0 97
1 97
1 97
0 104
1 104
1 104
1 43
0 121
1 121
1 121
1 7
1 66
1 85
1 85
0 85
1 85
1 136
1 137
1 137
0 137
1 137
1 128
1 128
0 128
1 128
1 104
1 104
0 104
1 104
1 139
1 93
1 93
1 36
0 111
1 111
1 111
0 111
1 104
1 104
0 104
0 61
1 61
0 61
1 98
1 98
1 98
1 116
1 116
1 116
1 131
1 131
1 131
0 99
1 99
1 99
1 46
1 80
1 80
1 46
1 46
1 69
1 69
1 57
1 85
0 85
1 85
1 85
0 106
0 110
0 91
1 112
1 112
1 112
1 126
0 120
1 120
1 120
0 134
1 79
1 118
0 118
1 118
0 118
0 115
1 115
1 95
0 95
0 140
0 45
1 45
0 106
1 106
1 106
0 69
1 69
0 118
1 118
1 56
1 56
1 56
1 58
1 58
1 82
0 82
0 123
0 79
0 79
1 79
1 79
0 75
0 111
1 111
1 62
1 134
0 129
1 129
1 139
1 139
1 106
0 83
0 83
1 42
0 48
1 137
1 137
1 61
0 61
1 138
1 138
1 137
1 137
1 135
0 55
0 126
1 103
1 140
1 76
1 116
1 116
1 42
1 140
1 140
1 140
1 68
1 68
0 103
0 103
1 103
1 62
1 25
1 25
1 108
0 108
1 108
1 39
1 49
1 52
1 52
1 52
1 52
1 136
1 136
1 52
1 52
1 140
1 95
1 95
1 95
1 95
0 74
1 48
1 92
1 135
1 135
1 135
1 138
0 23
1 90
1 33
1 33
1 67
1 72
0 50
1 137
1 32
1 32
1 96
1 55
1 88
1 81
1 81
1 89
0 103
1 103
1 103
0 103
1 103
1 106
0 99
0 99
1 100
1 67
0 129
1 129
1 129
0 129
1 129
1 129
1 129
0 129
0 129
1 37
1 138
1 138
1 138
0 26
0 26
1 132
1 132
0 132
1 132
0 130
1 89
1 89
0 72
1 139
1 139
0 139
1 26
1 90
1 117
1 117
0 97
0 97
1 98
1 98
1 127
1 127
1 127
0 78
0 55
1 40
1 139
1 139
1 139
1 102
1 102
1 72
0 72
0 72
1 70
1 70
1 117
1 117
1 117
1 117
1 117
1 37
1 56
1 56
1 56
1 47
1 66
1 139
1 139
1 139
0 139
1 138
1 138
0 138
1 137
1 137
0 137
1 53
1 53
0 53
1 136
1 136
0 136
1 135
1 135
0 135
1 48
0 86
0 82
0 89
0 89
0 87
0 87
1 122
1 129
0 129
1 129
1 136
0 115
1 126
1 140
0 140
1 129
1 73
1 121
1 100
1 139
1 139
1 47
1 58
0 129
0 129
0 129
1 129
0 129
1 136
1 74
1 74
1 131
1 60
0 140
1 80
0 80
1 120
1 117
0 62
1 105
1 105
1 96
1 96
1 44
1 70
1 101
1 136
1 78
1 54
1 54
1 54
1 51
1 51
1 89
1 89
1 89
1 89
0 89
1 96
1 42
1 125
1 125
1 125
1 125
1 68
1 68
1 53
1 53
1 140
0 140
1 52
1 52
0 52
1 92
1 92
1 137
1 137
1 104
1 81
1 138
0 138
1 53
1 53
0 53
1 95
1 95
1 82
1 99
0 99
0 99
1 55
1 55
1 55
1 99
1 99
1 99
1 118
1 84
0 84
1 59
1 111
1 95
1 95
0 130
0 130
0 130
0 65
0 65
1 43
1 43
1 43
0 77
1 105
1 54
1 54
1 54
1 86
1 59
1 80
1 80
1 135
1 69
1 121
1 122
1 122
1 105
0 103
1 126
1 27
1 70
1 101
1 101
1 99
1 110
1 110
1 77
1 77
0 100
1 100
1 79
1 79
1 79
1 79
0 93
1 32
1 99
1 116
1 116
1 80
1 20
1 20
1 139
0 83
0 83
1 46
0 88
0 88
1 111
1 111
1 111
0 111
1 63
1 63
0 98
1 101
1 139
0 139
1 24
1 126
1 126
1 126
0 126
1 16
0 16
1 113
1 113
1 129
0 129
1 47
1 47
1 84
1 115
0 115
1 43
1 43
0 138
1 138
1 125
1 125
0 130
1 130
1 130
1 130
0 130
1 130
1 130
0 130
0 130
1 55
1 55
1 58
1 58
0 67
1 67
1 95
1 95
1 95
1 136
1 56
1 56
1 56
0 140
1 134
0 107
1 126
1 126
1 90
1 134
1 134
1 134
1 87
1 87
0 86
0 86
1 97
0 140
0 140
1 55
1 36
1 79
1 108
1 69
0 94
1 125
1 125
1 125
1 139
1 139
1 45
0 45
1 45
1 45
0 45
0 45
1 140
1 140
1 130
0 130
1 122
0 122
1 133
0 133
1 132
0 132
1 135
0 135
1 137
0 137
1 139
1 139
1 64
1 64
1 117
1 103
1 103
0 103
0 103
0 130
1 130
0 130
1 108
1 134
1 130
0 95
0 95
1 95
1 60
1 60
1 60
0 109
1 109
0 124
0 124
0 124
1 69
1 99
1 121
1 57
1 48
1 79
1 79
1 32
1 62
1 65
1 65
0 50
1 49
1 68
1 58
1 107
0 107
1 107
0 107
1 31
1 32
1 88
1 88
1 88
1 57
1 97
1 97
1 46
1 46
1 82
1 112
0 115
1 115
0 115
0 115
1 115
1 115
1 97
0 97
1 97
1 100
1 114
1 114
1 114
1 83
0 83
1 138
0 137
1 137
1 137
1 102
1 127
1 25
0 139
0 139
1 139
1 139
1 140
1 140
1 140
0 140
1 99
1 99
0 99
0 99
1 99
1 75
1 75
0 75
1 122
1 102
1 102
0 137
0 64
0 92
1 92
1 92
1 92
1 48
1 117
1 117
1 133
1 133
0 44
1 116
1 116
1 137
1 140
1 140
1 140
1 129
1 129
1 129
0 96
0 101
1 101
1 68
1 68
1 68
1 68
1 68
1 111
1 111
1 59
0 59
1 59
1 59
1 71
1 20
1 87
1 87
0 134
1 134
0 134
0 134
1 134
1 134
1 101
1 101
1 101
1 101
0 101
1 77
1 77
1 137
1 30
1 55
1 55
1 55
1 109
1 51
1 106
1 47
1 47
1 140
1 140
1 140
1 140
1 63
0 117
1 117
1 68
0 119
1 119
1 122
1 134
1 134
0 75
0 136
1 136
1 118
1 118
0 138
1 138
1 138
1 22
1 36
1 118
1 118
1 118
0 50
1 113
0 73
1 55
1 76
1 139
1 63
0 63
0 138
0 138
1 113
1 113
1 113
1 96
0 96
0 96
0 65
1 75
1 28
1 28
1 85
1 85
1 58
1 55
1 55
0 25
1 110
0 91
1 49
1 99
0 82
0 82
1 134
0 134
1 134
1 32
1 43
1 95
1 95
1 47
1 104
1 104
1 104
1 63
1 63
1 68
1 138
1 114
1 114
1 76
0 76
1 76
1 76
1 121
1 27
1 73
1 140
0 140
1 140
1 119
1 140
0 140
0 117
1 72
1 72
1 40
1 40
1 43
1 43
1 140
1 77
0 77
1 85
1 52
1 76
1 138
0 112
1 112
1 112
0 112
0 112
1 85
1 85
1 99
1 99
1 99
1 133
0 133
0 133
1 133
1 40
1 40
1 75
1 75
1 75
1 137
1 93
1 53
1 53
1 81
1 51
1 82
1 82
1 67
1 67
1 69
1 56
1 56
1 73
1 73
1 41
1 90
1 90
0 97
1 99
1 99
0 102
1 102
1 102
1 102
1 88
1 88
1 88
1 96
1 96
1 110
1 110
1 110
1 79
1 103
1 66
0 67
1 67
0 67
0 67
0 96
0 96
1 96
1 115
0 115
0 115
0 115
0 134
0 134
1 87
1 87
0 87
1 120
0 120
0 74
1 108
0 48
1 98
0 98
0 98
1 83
1 56
0 109
1 36
1 101
1 112
0 98
0 98
1 98
1 117
0 117
0 117
0 117
0 117
1 117
0 104
0 97
0 97
0 97
1 97
1 101
1 101
0 120
0 120
1 120
0 96
0 96
1 79
1 89
1 89
1 89
0 79
1 134
1 134
0 134
1 61
1 61
1 54
1 54
1 56
1 56
1 73
1 73
1 73
1 28
0 101
1 101
1 50
1 50
1 50
1 67
1 67
1 67
1 91
1 91
1 91
1 91
0 91
1 140
1 140
1 140
1 137
0 137
1 137
1 27
0 77
1 87
1 139
1 139
1 50
1 89
1 89
1 89
1 138
1 138
1 22
1 47
0 47
1 137
1 137
1 96
0 17
1 140
1 140
1 140
1 101
1 121
0 121
1 121
1 121
1 58
0 19
0 139
1 62
1 62
1 50
0 50
0 50
1 50
1 138
1 138
0 138
1 91
0 68
1 68
1 106
1 128
1 136
1 120
1 120
0 120
0 77
1 96
1 96
1 96
0 96
1 96
1 101
1 101
1 56
1 56
1 56
1 45
0 45
1 45
1 138
1 138
1 138
1 138
1 138
1 140
0 50
1 41
0 48
1 48
1 18
1 67
1 67
0 67
1 67
0 91
1 91
1 91
1 91
1 74
0 109
1 109
1 109
1 93
1 106
1 106
1 106
1 106
1 100
1 100
1 100
0 134
1 57
1 57
1 91
1 91
0 91
1 91
1 97
0 97
1 97
1 97
0 102
0 102
1 65
1 60
1 122
1 122
0 82
1 82
0 82
1 114
1 114
0 87
1 87
0 87
1 110
0 110
1 110
0 117
0 117
1 117
1 120
1 120
1 120
1 120
1 59
0 68
0 59
1 59
0 59
1 140
1 140
0 140
1 140
1 140
1 90
1 90
1 90
0 98
1 98
0 98
0 98
0 98
1 61
1 61
0 61
0 61
0 37
1 25
1 102
1 102
1 102
1 102
1 95
1 95
1 95
1 95
1 50
1 15
0 15
0 71
1 71
1 44
1 44
1 125
1 125
1 34
1 72
1 52
0 42
1 105
1 105
1 52
1 52
1 52
0 52
0 52
1 66
1 66
1 111
0 111
0 111
0 111
0 111
1 50
1 50
1 84
1 84
1 84
0 84
0 85
0 85
1 85
1 85
1 85
0 85
1 84
1 84
1 84
0 84
1 84
0 84
1 36
0 36
1 65
0 52
1 105
1 98
1 98
0 27
1 27
1 27
1 139
0 40
1 40
1 93
1 105
1 105
1 105
1 105
0 105
0 105
1 65
1 65
1 65
0 65
1 124
1 79
1 79
1 79
1 52
1 52
1 69
1 69
1 48
1 48
1 69
0 58
1 24
1 61
1 83
0 102
1 102
0 102
1 102
0 102
1 102
1 102
0 102
1 102
1 102
0 92
1 92
1 92
1 105
1 105
1 105
1 105
0 105
0 105
1 46
1 46
0 76
0 85
0 109
1 109
1 109
0 109
1 109
0 109
1 109
0 140
1 140
0 140
0 140
0 140
1 140
1 140
1 140
0 116
0 116
1 75
1 75
1 87
1 93
0 93
1 93
1 67
0 67
1 115
1 115
1 135
1 135
1 40
1 81
1 81
1 81
1 81
1 64
1 64
1 115
1 106
1 106
1 106
0 106
1 106
1 106
1 106
0 106
1 116
1 139
1 139
1 139
1 139
1 139
1 57
1 57
1 90
1 90
1 90
1 88
0 88
0 72
0 72
0 72
1 103
1 103
1 103
1 103
1 44
1 44
1 86
1 86
1 86
1 47
1 74
1 74
1 74
0 74
0 127
1 127
0 127
1 70
1 70
1 70
1 70
0 136
1 37
1 37
0 71
1 71
1 140
1 140
1 140
1 86
1 86
1 140
1 140
1 64
1 64
1 64
1 96
1 96
1 96
1 96
1 77
1 84
0 84
0 69
1 69
1 37
1 48
1 48
0 63
1 91
0 91
1 91
1 114
1 89
0 89
0 89
1 89
1 89
1 54
1 54
1 54
1 54
1 80
1 80
1 80
0 76
1 76
1 76
1 76
1 66
1 83
1 83
1 83
1 133
1 133
1 98
1 98
1 98
1 139
1 139
1 139
1 139
0 139
1 127
0 139
1 139
1 139
1 139
0 139
1 139
1 138
1 138
1 138
0 138
1 92
1 122
1 122
1 101
1 101
1 101
1 77
1 131
1 131
1 105
1 105
1 44
0 44
1 44
1 58
0 58
0 60
1 60
0 60
1 64
1 64
1 65
1 65
1 132
1 132
0 132
1 132
1 94
1 94
1 102
1 102
1 46
1 33
1 118
1 118
1 34
1 101
1 140
1 87
1 87
1 87
1 111
1 62
1 15
0 72
0 62
1 62
0 62
0 62
1 25
1 69
1 64
1 104
1 80
1 80
1 80
0 99
1 99
0 63
1 99
0 99
1 133
0 133
1 133
1 100
1 122
1 33
1 93
1 61
1 55
0 110
1 110
0 99
0 46
1 104
1 129
0 129
1 129
0 112
0 112
1 132
0 134
1 134
1 134
1 105
1 105
1 105
1 105
1 136
1 136
1 136
0 140
0 125
1 125
0 125
1 76
1 76
1 133
1 129
1 129
1 133
1 110
0 110
1 55
1 95
1 95
1 133
1 116
0 116
1 76
1 113
1 115
1 63
1 63
1 102
1 102
1 108
1 108
1 111
1 111
1 111
1 95
1 95
1 95
1 136
1 67
1 67
1 127
1 127
0 63
0 63
1 63
0 130
1 130
1 85
1 74
0 74
0 140
1 140
1 140
1 140
0 140
1 140
1 59
1 59
1 59
1 140
1 140
1 93
1 93
1 137
0 137
1 81
0 81
1 81
1 81
1 81
1 36
1 36
1 98
1 98
1 98
0 98
0 125
1 125
1 125
1 80
1 80
1 83
0 83
1 83
1 83
1 28
1 80
1 80
1 122
1 122
1 136
1 136
0 136
1 71
1 53
0 53
1 53
1 58
1 58
1 58
1 104
1 104
1 104
1 124
0 124
1 125
1 125
1 125
1 82
1 99
1 100
1 19
1 129
1 129
1 115
0 115
1 115
0 84
1 84
0 84
1 139
1 120
0 120
1 133
0 133
1 38
1 72
1 72
1 138
1 138
1 138
1 138
1 138
1 127
1 127
1 77
1 77
0 77
1 77
1 77
1 23
0 23
1 123
0 123
1 88
1 88
0 117
1 117
1 27
1 42
0 100
1 129
1 123
1 104
1 104
1 104
0 79
0 131
1 114
0 78
0 99
0 99
1 130
1 130
1 95
1 95
0 95
1 140
1 71
1 71
1 71
1 71
0 118
1 118
0 118
1 63
1 132
0 83
0 83
1 96
1 96
0 91
1 22
1 66
1 66
0 70
1 111
0 111
1 111
1 130
1 49
1 49
1 99
1 76
1 76
1 93
1 31
1 94
1 114
1 13
1 135
0 135
1 88
1 65
1 24
1 58
1 113
1 140
0 136
1 128
0 101
0 101
0 140
1 69
1 89
1 99
1 113
0 63
1 135
1 123
1 102
1 107
0 64
1 69
1 113
1 113
1 31
1 55
1 140
1 125
1 125
1 113
1 76
1 92
1 60
1 81
0 135
0 99
0 92
1 105
1 88
1 140
1 134
1 100
0 91
1 131
0 75
1 49
1 49
1 72
1 72
1 38
0 38
1 88
1 44
1 64
1 64
1 112
1 115
1 51
1 116
1 140
1 27
1 67
1 79
1 55
1 134
0 134
1 113
1 133
1 93
1 118
1 98
0 98
1 76
1 98
1 128
1 98
1 140
1 128
1 108